[Driver]
Brand=Adire Audio
Model=Koda 8
Manufacturer=Adire Audio
ProvidedBy=Adire Audio
Comment=
DateAdded=20241107
DateModified=20241107
Qts=0.514175257731959
Znom=6
Fs=46.9
Pe=0
SPL=84.9197461025274
Re=3.37587247686598
Le=0
fLe=0
KLe=0
BL=11.03
Xmax=0.015
Cms=0.000165199010325884
Qms=5.25
Qes=0.57
Rms=3.91273598300973
Mms=0.0697087245570364
Sd=0.021408
Vas=0.01074
Dia=0
Vd=0.00032112
no=0.00189029370958929
Dd=0.165098492342269
EBP=82.280701754386
numVC=1
Hc=0
Hg=0
SPLmax=0
SPLmaxLF=90.6977587002032
USPL=88.6716144845417
alfaVC=0
Rt=0
Ct=0
gamma=158.229835219193
Rme=36.0383577382475
Mpow=6.00319562718454
Mcost=0
Gloss=0.00752876938461918
VCCon=1
c=343.684120962282
roo=1.20095217680035
Thick=0
Depth=0
MagDepth=0
Magnet=0
Basket=0
Outer=0
Vcd=0
DVol=0
ParState=CENCCNNNEENCEECCCECENCCENNNCCNNNCCCCNCNNNNNNNNNCC
