[Driver]
Brand=Adire Audio
Model=Brahma 10-D2 M2.5
Manufacturer=Adire Audio
ProvidedBy=Adire Audio
Comment=
DateAdded=20190818
DateModified=20190818
Qts=0.337521982414069
Znom=6
Fs=26.92
Pe=0
SPL=82.9799790791259
Re=3.64
Le=0
fLe=0
KLe=0
BL=20.1102398342246
Xmax=0.028
Cms=0.000146187613407335
Qms=4.64
Qes=0.364
Rms=8.715985909268
Mms=0.2391
Sd=0.03345
Vas=0.0232031778232049
Dia=0
Vd=0.0009366
no=0.00120935160870822
Dd=0.206373115427837
EBP=73.956043956044
numVC=2
Hc=0
Hg=0
SPLmax=0
SPLmaxLF=99.9954946687621
USPL=86.4046939531212
alfaVC=0
Rt=0
Ct=0
gamma=84.1080712430976
Rme=111.104875326933
Mpow=10.5406297405294
Mcost=0
Gloss=0.0122420118743546
VCCon=2
c=343.684120962152
roo=1.20095217714682
Thick=0
Depth=0
MagDepth=0
Magnet=0
Basket=0
Outer=0
Vcd=0
DVol=0
ParState=CENCENNNCENCEECCEECCNCCENNNCCNNNCCCCNCNNNNNNNNNCC
