[Driver]
Brand=Adire Audio
Model=Brahma 12-D2 M2.5 Rev-A
Manufacturer=Adire Audio
ProvidedBy=Adire Audio
Comment=
DateAdded=20190818
DateModified=20190818
Qts=0.424379562043796
Znom=4
Fs=27.3
Pe=0
SPL=84.9186506293447
Re=3.21
Le=0
fLe=0
KLe=0
BL=17.610883235188
Xmax=0.028
Cms=0.000132323018459681
Qms=6.12
Qes=0.456
Rms=7.198974965665
Mms=0.25685
Sd=0.048169
Vas=0.0435527224801092
Dia=0
Vd=0.001348732
no=0.00188981695766815
Dd=0.247650309166672
EBP=59.8684210526316
numVC=2
Hc=0
Hg=0
SPLmax=0
SPLmaxLF=103.162924833692
USPL=88.8893290157817
alfaVC=0
Rt=0
Ct=0
gamma=68.5648558893829
Rme=96.6178219076092
Mpow=9.82943650000392
Mcost=0
Gloss=0.0119035805042109
VCCon=2
c=343.684120962152
roo=1.20095217714682
Thick=0
Depth=0
MagDepth=0
Magnet=0
Basket=0
Outer=0
Vcd=0
DVol=0
ParState=CENCENNNCENCEECCEECCNCCENNNCCNNNCCCCNCNNNNNNNNNCC
