[Driver]
Brand=Adire Audio
Model=Tumult 15 D4
Manufacturer=Adire Audio
ProvidedBy=Adire Audio
Comment=
DateAdded=20200910
DateModified=20200910
Qts=0.419924242424242
Znom=10
Fs=22.55
Pe=0
SPL=87.2591243178473
Re=6.36
Le=0
fLe=0
KLe=0
BL=25.4820213875994
Xmax=0.034
Cms=0.000150281360339233
Qms=4.82
Qes=0.46
Rms=9.74364448573532
Mms=0.331468339916632
Sd=0.079173
Vas=0.13363
Dia=0
Vd=0.002691882
no=0.00323941889215143
Dd=0.317499912559542
EBP=49.0217391304348
numVC=2
Hc=0
Hg=0
SPLmax=0
SPLmaxLF=109.165531966382
USPL=88.2602818718489
alfaVC=0
Rt=0
Ct=0
gamma=76.8761848990115
Rme=102.096448741835
Mpow=10.1042787343697
Mcost=0
Gloss=0.0143677555169364
VCCon=2
c=343.684120962282
roo=1.20095217680034
Thick=0
Depth=0
MagDepth=0
Magnet=0
Basket=0
Outer=0
Vcd=0
DVol=0
ParState=CENCENNNCENCEECCCECENCCENNNCCNNNCCCCNCNNNNNNNNNCC
