[Driver]
Brand=Adire Audio
Model=Brahma 12-D2 M2.5
Manufacturer=Adire Audio
ProvidedBy=Adire Audio
Comment=
DateAdded=20190818
DateModified=20190818
Qts=0.353460443938532
Znom=6
Fs=24.84
Pe=0
SPL=85.2199950075123
Re=3.64
Le=0
fLe=0
KLe=0
BL=19.7260852540396
Xmax=0.028
Cms=0.000157312465112642
Qms=4.89
Qes=0.381
Rms=8.32907062126744
Mms=0.26096
Sd=0.048169
Vas=0.0517777346335279
Dia=0
Vd=0.001348732
no=0.00202560229079645
Dd=0.247650309166672
EBP=65.1968503937008
numVC=2
Hc=0
Hg=0
SPLmax=0
SPLmaxLF=103.162924833692
USPL=88.6447098815075
alfaVC=0
Rt=0
Ct=0
gamma=75.5904554492626
Rme=106.900670178472
Mpow=10.3392780298468
Mcost=0
Gloss=0.014378041225491
VCCon=2
c=343.684120962152
roo=1.20095217714682
Thick=0
Depth=0
MagDepth=0
Magnet=0
Basket=0
Outer=0
Vcd=0
DVol=0
ParState=CENCENNNCENCEECCEECCNCCENNNCCNNNCCCCNCNNNNNNNNNCC
