[Driver]
Brand=Adire Audio
Model=Brahma 10-D4 M2.5
Manufacturer=Adire Audio
ProvidedBy=Adire Audio
Comment=
DateAdded=20190818
DateModified=20190818
Qts=0.403085880640466
Znom=2
Fs=30.65
Pe=0
SPL=83.2490738311103
Re=1.9775
Le=0
fLe=0
KLe=0
BL=13.8502756874358
Xmax=0.028
Cms=0.000124486097723263
Qms=6.44
Qes=0.43
Rms=6.4771347492936
Mms=0.2166
Sd=0.03345
Vas=0.0197586717141442
Dia=0
Vd=0.0009366
no=0.00128665485133287
Dd=0.206373115427837
EBP=71.2790697674419
numVC=2
Hc=0
Hg=0
SPLmax=0
SPLmaxLF=99.9954946687621
USPL=89.3236376198989
alfaVC=0
Rt=0
Ct=0
gamma=63.9440244110608
Rme=97.0063901987227
Mpow=9.84918220964171
Mcost=0
Gloss=0.00944369494448272
VCCon=1
c=343.684120962152
roo=1.20095217714682
Thick=0
Depth=0
MagDepth=0
Magnet=0
Basket=0
Outer=0
Vcd=0
DVol=0
ParState=CENCENNNCENCEECCEECCNCCENNNCCNNNCCCCNCNNNNNNNNNCC
