[Driver]
Brand=Adire Audio
Model=Brahma 15-D4 M2.5
Manufacturer=Adire Audio
ProvidedBy=Adire Audio
Comment=
DateAdded=20200910
DateModified=20200910
Qts=0.459173739823315
Znom=10
Fs=24.65
Pe=0
SPL=87.449496451265
Re=6.77
Le=0
fLe=0
KLe=0
BL=25.7113460324712
Xmax=0.028
Cms=0.000131454139033457
Qms=5.27
Qes=0.503
Rms=9.32005183447291
Mms=0.317126219994487
Sd=0.07917
Vas=0.11688
Dia=0
Vd=0.00221676
no=0.00338457641654526
Dd=0.317493897195966
EBP=49.0059642147117
numVC=2
Hc=0
Hg=0
SPLmax=0
SPLmaxLF=107.478785122974
USPL=88.1793384748993
alfaVC=0
Rt=0
Ct=0
gamma=81.076065022054
Rme=97.6474615659488
Mpow=9.88167301452283
Mcost=0
Gloss=0.0146005447691343
VCCon=2
c=343.684120962282
roo=1.20095217680034
Thick=0
Depth=0
MagDepth=0
Magnet=0
Basket=0
Outer=0
Vcd=0
DVol=0
ParState=CENCENNNCENCEECCCECENCCENNNCCNNNCCCCNCNNNNNNNNNCC
