[Driver]
Brand=Adire Audio
Model=Brahma 12-D4 M2.5 Rev-A
Manufacturer=Adire Audio
ProvidedBy=Adire Audio
Comment=
DateAdded=20190818
DateModified=20190818
Qts=0.421153846153846
Znom=10
Fs=27.84
Pe=0
SPL=85.2264968087345
Re=6.77
Le=0
fLe=0
KLe=0
BL=25.5087724412287
Xmax=0.028
Cms=0.000132174579220895
Qms=6.57
Qes=0.45
Rms=6.58320826630773
Mms=0.24726
Sd=0.048169
Vas=0.0435038652741048
Dia=0
Vd=0.001348732
no=0.0020286370810918
Dd=0.247650309166672
EBP=61.8666666666667
numVC=2
Hc=0
Hg=0
SPLmax=0
SPLmaxLF=103.162924833692
USPL=85.9563388323689
alfaVC=0
Rt=0
Ct=0
gamma=103.165786788112
Rme=96.1148406880928
Mpow=9.8038176588558
Mcost=0
Gloss=0.0114462821133893
VCCon=2
c=343.684120962152
roo=1.20095217714682
Thick=0
Depth=0
MagDepth=0
Magnet=0
Basket=0
Outer=0
Vcd=0
DVol=0
ParState=CENCENNNCENCEECCEECCNCCENNNCCNNNCCCCNCNNNNNNNNNCC
