[Driver]
Brand=Alpine
Model=RS-W10D2
Manufacturer=Alpine
ProvidedBy=Alpine
Comment=
DateAdded=20230731
DateModified=20230731
Qts=0.951632390745501
Znom=2
Fs=30
Pe=0
SPL=79.0407713474394
Re=0.9
Le=0
fLe=0
KLe=0
BL=6.53371637265145
Xmax=0.02
Cms=0.00010076224886664
Qms=6.67
Qes=1.11
Rms=7.89360138238572
Mms=0.279318629254024
Sd=0.038
Vas=0.02064
Dia=0
Vd=0.00076
no=0.000488238264958042
Dd=0.219961593692936
EBP=27.027027027027
numVC=2
Hc=0
Hg=0
SPLmax=0
SPLmaxLF=98.1806834429508
USPL=88.534074963532
alfaVC=0
Rt=0
Ct=0
gamma=23.3916240749893
Rme=47.4327218202818
Mpow=6.88714177437068
Mcost=0
Gloss=0.0138002970217518
VCCon=1
c=343.684120962282
roo=1.20095217680035
Thick=0
Depth=0
MagDepth=0
Magnet=0
Basket=0
Outer=0
Vcd=0
DVol=0
ParState=CENCENNNCENCEECCCECENCCENNNCCNNNCCCCNCNNNNNNNNNCC
