[Driver]
Brand=Alpine
Model=RS-W12D2
Manufacturer=Alpine
ProvidedBy=Alpine
Comment=
DateAdded=20250210
DateModified=20250210
Qts=0.977799479166667
Znom=6
Fs=28
Pe=0
SPL=81.0776561744569
Re=3.6
Le=0
fLe=0
KLe=0
BL=14.0158802879272
Xmax=0.02
Cms=0.0000905786829968103
Qms=6.53
Qes=1.15
Rms=9.60998959002604
Mms=0.356695966836871
Sd=0.0572
Vas=0.04204
Dia=0
Vd=0.001144
no=0.00078040545477973
Dd=0.269869045944234
EBP=24.3478260869565
numVC=1
Hc=0
Hg=0
SPLmax=0
SPLmaxLF=101.732932086475
USPL=84.5503598772699
alfaVC=0
Rt=0
Ct=0
gamma=39.2936326480449
Rme=54.568027845974
Mpow=7.38701752035109
Mcost=0
Gloss=0.0158421777035416
VCCon=2
c=343.684120962282
roo=1.20095217680035
Thick=0
Depth=0
MagDepth=0
Magnet=0
Basket=0
Outer=0
Vcd=0
DVol=0
ParState=CENCENNNCENCEECCCECENCCENNNCCNNNCCCCNCNNNNNNNNNCC
