[Driver]
Brand=Ampere Audio
Model=AA-2.5 RVE 15 D2
Manufacturer=Ampere Audio
ProvidedBy=Ampere Audio
Comment=No xmax provided.
DateAdded=20180326
DateModified=20180326
Qts=0.437924036492273
Znom=2
Fs=30
Pe=800
SPL=89.4818053892477
Re=1
Le=0.00322
fLe=0
KLe=0
BL=10.3489869474753
Xmax=0
Cms=0.000102981241251309
Qms=4.89
Qes=0.481
Rms=10.5349358555349
Mms=0.2733
Sd=0.0823220567103136
Vas=0.099
Dia=0
Vd=0
no=0.00540424734245315
Dd=0.323752525870459
EBP=62.3700623700624
numVC=2
Hc=0
Hg=0
SPLmax=115.512705259167
SPLmaxLF=0
USPL=98.5175340997335
alfaVC=0
Rt=0
Ct=0
gamma=37.8667652670152
Rme=107.101530839013
Mpow=10.3489869474753
Mcost=0
Gloss=0
VCCon=1
c=343.684120962152
roo=1.20095217714682
Thick=0
Depth=0
MagDepth=0
Magnet=0
Basket=0
Outer=0
Vcd=0
DVol=0
ParState=EEECEENNCNNCEECCECNENCCENNCNCNNNCCCCNNNNNNNNNNNCC
