[Driver]
Brand=Audiocontrol
Model=SPK-12S2
Manufacturer=Audiocontrol
ProvidedBy=Audiocontrol
Comment=
DateAdded=20230729
DateModified=20230729
Qts=0.671650273224044
Znom=2
Fs=37.34
Pe=0
SPL=84.6290490624941
Re=1.60030658680558
Le=0
fLe=0
KLe=0
BL=11.0117
Xmax=0.014
Cms=0.0000764297526942919
Qms=7.682
Qes=0.736
Rms=7.2595393033415
Mms=0.2377
Sd=0.0486869995004588
Vas=0.0257
Dia=0
Vd=0.000681617993006423
no=0.00176790769086151
Dd=0.248978338572827
EBP=50.7336956521739
numVC=1
Hc=0
Hg=0
SPLmax=0
SPLmaxLF=97.235232521248
USPL=91.6227458451536
alfaVC=0
Rt=0
Ct=0
gamma=46.3260412284392
Rme=75.7714414786269
Mpow=8.7046792863739
Mcost=0
Gloss=0.0127257760431056
VCCon=1
c=343.684120962282
roo=1.20095217680035
Thick=0
Depth=0
MagDepth=0
Magnet=0
Basket=0
Outer=0
Vcd=0
DVol=0
ParState=CENCCNNNEENCEECCECCENCCENNNCCNNNCCCCNCNNNNNNNNNCC
