[Driver]
Brand=Audiofrog
Model=GB60
Manufacturer=Audiofrog
ProvidedBy=Audiofrog
Comment=
DateAdded=20200821
DateModified=20200821
Qts=0.477117572692794
Znom=6
Fs=66
Pe=0
SPL=87.4887633360328
Re=3.35857783374885
Le=0.00013
fLe=1000
KLe=0.0103046509737756
BL=7.4
Xmax=0.009
Cms=0.00029
Qms=7.4
Qes=0.51
Rms=1.12368990293354
Mms=0.0200518475591213
Sd=0.0123061640542173
Vas=0.00623
Dia=0
Vd=0.000110755476487956
no=0.00341531694182037
Dd=0.125174656851249
EBP=129.411764705882
numVC=1
Hc=0
Hg=0
SPLmax=0
SPLmaxLF=81.4517157940536
USPL=91.2629378729303
alfaVC=0
Rt=0
Ct=0
gamma=369.043300283511
Rme=16.3045201602122
Mpow=4.0378856051419
Mcost=0
Gloss=0.0063362245278934
VCCon=1
c=343.684120962282
roo=1.20095217680035
Thick=0
Depth=0
MagDepth=0
Magnet=0
Basket=0
Outer=0
Vcd=0
DVol=0
ParState=CENCCEECEENEEECCCCCENCCENNNCCNNNCCCCNCNNNNNNNNNCC
