[Driver]
Brand=Audiocontrol
Model=SPK-12S4
Manufacturer=Audiocontrol
ProvidedBy=Audiocontrol
Comment=
DateAdded=20230730
DateModified=20230730
Qts=0.7299539799819
Znom=4
Fs=40.42
Pe=0
SPL=85.4661808022568
Re=3.20142057906954
Le=0
fLe=0
KLe=0
BL=13.728
Xmax=0.014
Cms=0.0000814720898587548
Qms=6.5823
Qes=0.821
Rms=7.34238737631415
Mms=0.1903
Sd=0.0486963123464596
Vas=0.027406
Dia=0
Vd=0.000681748372850435
no=0.00214374319650738
Dd=0.249002149714189
EBP=49.2326431181486
numVC=1
Hc=0
Hg=0
SPLmax=0
SPLmaxLF=97.2368937987563
USPL=89.4484821896998
alfaVC=0
Rt=0
Ct=0
gamma=72.1387283236994
Rme=58.8669871219399
Mpow=7.67248246149445
Mcost=0
Gloss=0.0108602615559673
VCCon=1
c=343.684120962282
roo=1.20095217680035
Thick=0
Depth=0
MagDepth=0
Magnet=0
Basket=0
Outer=0
Vcd=0
DVol=0
ParState=CENCCNNNEENCEECCECCENCCENNNCCNNNCCCCNCNNNNNNNNNCC
