[Driver]
Brand=Audiofrog
Model=GB60 (Erin's Audio Corner)
Manufacturer=Audiofrog
ProvidedBy=Erin's Audio Corner
Comment=
DateAdded=20200907
DateModified=20200907
Qts=0.45152117545376
Znom=6
Fs=54.8
Pe=0
SPL=86.8305074846062
Re=3.64
Le=0
fLe=0
KLe=0
BL=7.37121712880096
Xmax=0
Cms=0.000408747957850054
Qms=8.78
Qes=0.476
Rms=0.809262583948473
Mms=0.0206359064515262
Sd=0.01227
Vas=0.0087295
Dia=0
Vd=0
no=0.00293498190014948
Dd=0.124990596501899
EBP=115.126050420168
numVC=1
Hc=0
Hg=0
SPLmax=0
SPLmaxLF=0
USPL=90.2552223586015
alfaVC=0
Rt=0
Ct=0
gamma=357.203457290135
Rme=14.9271543845958
Mpow=3.86356757215346
Mcost=0
Gloss=0
VCCon=1
c=343.684120962282
roo=1.20095217680035
Thick=0
Depth=0
MagDepth=0
Magnet=0
Basket=0
Outer=0
Vcd=0
DVol=0
ParState=CENCENNNCNNCEECCCENENCCENNNNCNNNCCCCNNNNNNNNNNNCC
