[Driver]
Brand=Audison
Model=APS 10 D
Manufacturer=Audison
ProvidedBy=Audison
Comment=
DateAdded=20190826
DateModified=20190826
Qts=0.518
Znom=4
Fs=27
Pe=0
SPL=83.4527882096325
Re=2.2
Le=0
fLe=0
KLe=0
BL=10.441096869337
Xmax=0.011
Cms=0.000204391962483535
Qms=4.7105625
Qes=0.582
Rms=6.12237297773977
Mms=0.17
Sd=0.0376043163509849
Vas=0.041
Dia=0
Vd=0.000413647479860833
no=0.00134844581522528
Dd=0.218813396826623
EBP=46.3917525773196
numVC=2
Hc=0
Hg=0
SPLmax=0
SPLmaxLF=92.8970192521516
USPL=89.0642901118962
alfaVC=0
Rt=0
Ct=0
gamma=61.4182168784529
Rme=49.5529562885813
Mpow=7.03938607327239
Mcost=0
Gloss=0.0309770976919233
VCCon=1
c=343.684120962282
roo=1.20095217680034
Thick=0
Depth=0
MagDepth=0
Magnet=0
Basket=0
Outer=0
Vcd=0
DVol=0.00112
ParState=CENCENNNCEECCEECECCENCCENNNCCNNNCCCCNCNNNNNNNENCC
