[Driver]
Brand=Audiofrog
Model=GS690
Manufacturer=Audiofrog
ProvidedBy=Audiofrog
Comment=
DateAdded=20190407
DateModified=20190407
Qts=0.639080213903743
Znom=4
Fs=58.26
Pe=0
SPL=90.0023916429344
Re=2.31
Le=0.00018
fLe=1000
KLe=0.0142679782713816
BL=5.4750090987374
Xmax=0.005
Cms=0.000305100451268707
Qms=8.66
Qes=0.69
Rms=1.03392469709805
Mms=0.02446
Sd=0.0224740493282316
Vas=0.02186
Dia=0
Vd=0.000112370246641158
no=0.00609247622420562
Dd=0.169159239579259
EBP=84.4347826086957
numVC=1
Hc=0
Hg=0
SPLmax=0
SPLmaxLF=81.5774382817764
USPL=95.4020005544987
alfaVC=0
Rt=0
Ct=0
gamma=223.835204363753
Rme=12.9765041693755
Mpow=3.60229151643443
Mcost=0
Gloss=0.0146369292614044
VCCon=1
c=343.684120962152
roo=1.20095217714682
Thick=0
Depth=0
MagDepth=0
Magnet=0
Basket=0
Outer=0
Vcd=0
DVol=0
ParState=CENCEEECCENCEECCECCENCCENNNCCNNNCCCCNCNNNNNNNNNCC
