[Driver]
Brand=Audiofrog
Model=GS25
Manufacturer=Audiofrog
ProvidedBy=Audiofrog
Comment=
DateAdded=20201003
DateModified=20201003
Qts=0.661679487179487
Znom=4
Fs=180.5
Pe=0
SPL=83.671139898902
Re=2.29
Le=0.00006
fLe=1000
KLe=0.00475599275712721
BL=3.37938260772456
Xmax=0.004
Cms=0.000242203725142377
Qms=7.07
Qes=0.73
Rms=0.514923477073039
Mms=0.00321
Sd=0.0022952318100745
Vas=0.000181
Dia=0
Vd=9.18092724029802E-6
no=0.0014179753094861
Dd=0.0540590409175091
EBP=247.260273972603
numVC=1
Hc=0
Hg=0
SPLmax=0
SPLmaxLF=59.8221425089606
USPL=89.1085137859889
alfaVC=0
Rt=0
Ct=0
gamma=1052.76716751544
Rme=4.98699860672108
Mpow=2.23315888523882
Mcost=0
Gloss=0.00190610374683691
VCCon=1
c=343.684120962282
roo=1.20095217680035
Thick=0
Depth=0
MagDepth=0
Magnet=0
Basket=0
Outer=0
Vcd=0
DVol=0
ParState=CENCEEECCENCEECCECCENCCENNNCCNNNCCCCNCNNNNNNNNNCC
