[Driver]
Brand=Audiofrog
Model=GB25
Manufacturer=Audiofrog
ProvidedBy=Audiofrog
Comment=
DateAdded=20200907
DateModified=20200907
Qts=0.648648648648649
Znom=4
Fs=170
Pe=0
SPL=84.3458550513038
Re=2.3
Le=0.00006
fLe=1000
KLe=0.00475599275712721
BL=3.34703870238886
Xmax=0
Cms=0.000256280943671305
Qms=4.8
Qes=0.75
Rms=0.761050820332127
Mms=0.00342
Sd=0.00267427579030914
Vas=0.00026
Dia=0
Vd=0
no=0.0016563045083985
Dd=0.0583523237733467
EBP=226.666666666667
numVC=1
Hc=0
Hg=0
SPLmax=0
SPLmaxLF=0
USPL=89.7643054016137
alfaVC=0
Rt=0
Ct=0
gamma=978.666287248205
Rme=4.87072525012562
Mpow=2.20697196405519
Mcost=0
Gloss=0
VCCon=1
c=343.684120962282
roo=1.20095217680035
Thick=0
Depth=0
MagDepth=0
Magnet=0
Basket=0
Outer=0
Vcd=0
DVol=0
ParState=CENCEEECCNNCEECCECNENCCENNNNCNNNCCCCNNNNNNNNNNNCC
