[Driver]
Brand=Audiofrog
Model=GB12D2
Manufacturer=Audiofrog
ProvidedBy=Audiofrog
Comment=
DateAdded=20210311
DateModified=20210311
Qts=0.489821428571429
Znom=2
Fs=29.5
Pe=0
SPL=86.5266421638862
Re=4.16
Le=0
fLe=0
KLe=0
BL=16.7408242760456
Xmax=0.0176
Cms=0.000154004860310982
Qms=8.44
Qes=0.52
Rms=4.15069901423931
Mms=0.189
Sd=0.0510796473511745
Vas=0.057
Dia=0
Vd=0.00089900179338067
no=0.00273664771747311
Dd=0.255022796899889
EBP=56.7307692307692
numVC=2
Hc=0
Hg=0
SPLmax=0
SPLmaxLF=99.6396227591309
USPL=89.3714375681046
alfaVC=0
Rt=0
Ct=0
gamma=88.5757898203472
Rme=67.3690378464996
Mpow=8.20786439011389
Mcost=0
Gloss=0.0162182592770842
VCCon=2
c=343.684120962282
roo=1.20095217680035
Thick=0
Depth=0
MagDepth=0
Magnet=0
Basket=0
Outer=0
Vcd=0
DVol=0
ParState=EENCENNNCENCEECCECCENCCENNNCCNNNCCCCNCNNNNNNNNNCC
