[Driver]
Brand=Audiofrog
Model=GB40
Manufacturer=Audiofrog
ProvidedBy=Audiofrog
Comment=
DateAdded=20210419
DateModified=20210419
Qts=0.551601423487544
Znom=4
Fs=90
Pe=0
SPL=87.3456033799271
Re=3.06332852355221
Le=0.00006
fLe=1000
KLe=0.00475599275712721
BL=3.89
Xmax=0.0045
Cms=0.000577404686926585
Qms=5
Qes=0.62
Rms=0.612529928009212
Mms=0.00541595365746605
Sd=0.00594
Vas=0.00289
Dia=0
Vd=0.00002673
no=0.00330457046404495
Dd=0.0869657570295738
EBP=145.161290322581
numVC=1
Hc=0
Hg=0
SPLmax=0
SPLmaxLF=69.1043907724657
USPL=91.5193963426702
alfaVC=0
Rt=0
Ct=0
gamma=718.248390962046
Rme=4.93975748394526
Mpow=2.22255651985394
Mcost=0
Gloss=0.00681496149222313
VCCon=1
c=343.684120962282
roo=1.20095217680034
Thick=0
Depth=0
MagDepth=0
Magnet=0
Basket=0
Outer=0
Vcd=0
DVol=0
ParState=CENCCEECEENCEECCCECENCCENNNCCNNNCCCCNCNNNNNNNNNCC
