[Driver]
Brand=Audiomobile
Model=Encore 4412
Manufacturer=Audiomobile
ProvidedBy=Audiomobile
Comment=
DateAdded=20250204
DateModified=20250204
Qts=0.517269159146254
Znom=2
Fs=32
Pe=0
SPL=84.668391899559
Re=1.68
Le=0.000979
fLe=1000
KLe=0.0776019484871257
BL=13.4893207916457
Xmax=0.0191
Cms=0.0000853526469064594
Qms=13.424
Qes=0.538
Rms=4.34081438964684
Mms=0.289816637172245
Sd=0.049876
Vas=0.0301193
Dia=0
Vd=0.0009526316
no=0.00178399596933764
Dd=0.25200018954995
EBP=59.4795539033457
numVC=2
Hc=0
Hg=0
SPLmax=0
SPLmaxLF=100.142911267615
USPL=91.4510277927861
alfaVC=0
Rt=0
Ct=0
gamma=46.5443285908693
Rme=108.310580607099
Mpow=10.4072369343212
Mcost=0
Gloss=0.012700698747931
VCCon=1
c=343.684120962282
roo=1.20095217680035
Thick=0
Depth=0
MagDepth=0
Magnet=0
Basket=0
Outer=0
Vcd=0
DVol=0
ParState=CENCEEECCENCEECCCECENCCENNNCCNNNCCCCNCNNNNNNNNNCC
