[Driver]
Brand=Cerwin-Vega
Model=Vega Pro VPRO122D
Manufacturer=Cerwin-Vega
ProvidedBy=Cerwin-Vega
Comment=
DateAdded=20180306
DateModified=20180306
Qts=0.572
Znom=2
Fs=30.5
Pe=0
SPL=85.0812760151115
Re=4
Le=0
fLe=0
KLe=0
BL=16.7091867323649
Xmax=0.0185
Cms=0.000125078353466579
Qms=13.3
Qes=0.597705845380264
Rms=3.13679759111852
Mms=0.2177
Sd=0.0489419268074302
Vas=0.0425
Dia=0
Vd=0.000905425645937459
no=0.00196192445335861
Dd=0.249629318403817
EBP=51.0284452389716
numVC=2
Hc=0
Hg=0
SPLmax=0
SPLmaxLF=99.7014674319936
USPL=88.0964048123176
alfaVC=0
Rt=0
Ct=0
gamma=76.753269326435
Rme=69.7992303142598
Mpow=8.35459336618245
Mcost=0
Gloss=0.0144340940834872
VCCon=2
c=343.684120962152
roo=1.20095217714682
Thick=0
Depth=0.152
MagDepth=0
Magnet=0.165
Basket=0.272
Outer=0.32
Vcd=0
DVol=0.00229
ParState=EENCENNNCENCECECECCENCCENNNCCNNNCCCCNCNENEEENENCC
