[Driver]
Brand=CSS
Model=SDX10
Manufacturer=CSS
ProvidedBy=CSS
Comment=
DateAdded=20190607
DateModified=20190607
Qts=0.538125
Znom=4
Fs=30
Pe=0
SPL=84.2440213026947
Re=3.32143932252857
Le=0.00142
fLe=0
KLe=0
BL=10.55
Xmax=0.0184
Cms=0.00025129261816056
Qms=3.69
Qes=0.63
Rms=5.72127442604971
Mms=0.112
Sd=0.033
Vas=0.038819707526242
Dia=0
Vd=0.0006072
no=0.00161791912607527
Dd=0.204980255088778
EBP=47.6190476190476
numVC=1
Hc=0
Hg=0
SPLmax=0
SPLmaxLF=96.2310468575894
USPL=88.0664867834501
alfaVC=0
Rt=0
Ct=0
gamma=94.1964285714286
Rme=33.5103216382911
Mpow=5.78881003646614
Mcost=0
Gloss=0.0150003228497303
VCCon=1
c=343.684120962152
roo=1.20095217714682
Thick=0
Depth=0
MagDepth=0
Magnet=0
Basket=0
Outer=0
Vcd=0
DVol=0
ParState=EENCCENNEENCEECCEECCNCCENNNCCNNNCCCCNCNNNNNNNNNCC
