[Driver]
Brand=Dayton Audio
Model=LS10-44
Manufacturer=Dayton Audio
ProvidedBy=Dayton Audio
Comment=
DateAdded=20180503
DateModified=20180503
Qts=0.430693950177936
Znom=4
Fs=34.34
Pe=250
SPL=86.2774404045996
Re=1.83635436444174
Le=0.00525
fLe=1000
KLe=0.416149366248631
BL=10.5745
Xmax=0.01
Cms=0.000161941736273955
Qms=5.15
Qes=0.47
Rms=5.55717176508012
Mms=0.132641947685485
Sd=0.03664
Vas=0.03084
Dia=0
Vd=0.0003664
no=0.00258403694828064
Dd=0.215989575950082
EBP=73.0638297872341
numVC=2
Hc=0
Hg=0
SPLmax=107.25684049132
SPLmaxLF=91.8435208997572
USPL=92.6736042000734
alfaVC=0
Rt=0
Ct=0
gamma=79.7221405785884
Rme=60.8924140216226
Mpow=7.8033591498548
Mcost=0
Gloss=0.0210649463424894
VCCon=1
c=343.684120962152
roo=1.20095217714682
Thick=0.012
Depth=0.0725
MagDepth=0.0001
Magnet=0.2385
Basket=0.2385
Outer=0.2722
Vcd=0.05
DVol=0.00114079484228509
ParState=EEECCEECEENCEECCCECENCCENNCCCNNNCCCCNCEEEEEEECNCC
