[Driver]
Brand=Dayton Audio
Model=LS12-44
Manufacturer=Dayton Audio
ProvidedBy=Dayton Audio
Comment=
DateAdded=20180503
DateModified=20180503
Qts=0.505505169599129
Znom=4
Fs=33.74
Pe=250
SPL=87.9037674113175
Re=1.87292556683688
Le=0.00534
fLe=1000
KLe=0.423283355384322
BL=10.85
Xmax=0.01
Cms=0.000133299248285807
Qms=4.95
Qes=0.563
Rms=7.14894826408447
Mms=0.166925392649066
Sd=0.05473
Vas=0.05664
Dia=0
Vd=0.0005473
no=0.00375778059894687
Dd=0.263978029925514
EBP=59.9289520426288
numVC=2
Hc=0
Hg=0
SPLmax=108.883167498038
SPLmaxLF=95.328920562691
USPL=94.2142909404393
alfaVC=0
Rt=0
Ct=0
gamma=64.9990982666754
Rme=62.8548737250766
Mpow=7.92810656620335
Mcost=0
Gloss=0.0218208057072594
VCCon=1
c=343.684120962152
roo=1.20095217714682
Thick=0.013
Depth=0.0855
MagDepth=0.0001
Magnet=0.282
Basket=0.282
Outer=0.315
Vcd=0.05
DVol=0.00191521729021336
ParState=EEECCEECEENCEECCCECENCCENNCCCNNNCCCCNCEEEEEEECNCC
