[Driver]
Brand=Dayton Audio
Model=PS95-8
Manufacturer=Dayton Audio
ProvidedBy=Dayton Audio
Comment=
DateAdded=20200710
DateModified=20200710
Qts=0.721279212792128
Znom=10
Fs=119.8
Pe=0
SPL=85.0873497718407
Re=7.15
Le=0
fLe=0
KLe=0
BL=3.78821410600387
Xmax=0.0025
Cms=0.000827390127572359
Qms=7.33
Qes=0.8
Rms=0.219052898622222
Mms=0.00213312493600227
Sd=0.00283
Vas=0.00094
Dia=0
Vd=7.075E-6
no=0.00196467019186894
Dd=0.060027226419355
EBP=149.75
numVC=1
Hc=0
Hg=0
SPLmax=0
SPLmaxLF=57.5589404812616
USPL=85.5800180643157
alfaVC=0
Rt=0
Ct=0
gamma=1775.89884308579
Rme=2.00707218362611
Mpow=1.41671175036636
Mcost=0
Gloss=0.00692320663519703
VCCon=1
c=343.684120962282
roo=1.20095217680035
Thick=0
Depth=0
MagDepth=0
Magnet=0
Basket=0
Outer=0
Vcd=0
DVol=0
ParState=CENCENNNCENCEECCCECENCCENNNCCNNNCCCCNCNNNNNNNNNCC
