[Driver]
Brand=Dayton Audio
Model=Ultimax UM15-22
Manufacturer=Dayton Audio
ProvidedBy=Dayton Audio
Comment=
DateAdded=20180405
DateModified=20180405
Qts=0.472934091669455
Znom=2
Fs=19.5
Pe=800
SPL=86.5422191138038
Re=0.85
Le=0.00131
fLe=1000
KLe=0.103839175197277
BL=7.03004245277836
Xmax=0.019
Cms=0.000238327005328752
Qms=2.4
Qes=0.589
Rms=14.2692459151731
Mms=0.279510279580754
Sd=0.08146
Vas=0.22434
Dia=0
Vd=0.00154774
no=0.00274648094419925
Dd=0.322052935577564
EBP=33.106960950764
numVC=2
Hc=0
Hg=0
SPLmax=112.573118983723
SPLmaxLF=104.358371733897
USPL=96.2837585671467
alfaVC=0
Rt=0
Ct=0
gamma=25.1512841077721
Rme=58.1429375151364
Mpow=7.62515163882899
Mcost=0
Gloss=0.0343825525300575
VCCon=1
c=343.684120962152
roo=1.20095217714682
Thick=0
Depth=0.192
MagDepth=0.072
Magnet=0.181
Basket=0.35
Outer=0.388
Vcd=0.0635
DVol=0.00588013482607418
ParState=EEECEEECCENCEECCCECENCCENNCCCNNNCCCCNCNEEEEEECNCC
