[Driver]
Brand=Dayton Audio
Model=Ultimax UM18-22
Manufacturer=Dayton Audio
ProvidedBy=Dayton Audio
Comment=
DateAdded=20180324
DateModified=20180324
Qts=0.533423423423423
Znom=2
Fs=19.54
Pe=1000
SPL=86.1208824863081
Re=1.1
Le=0.00222
fLe=1000
KLe=0.175971732013707
BL=11.9587148897803
Xmax=0.022
Cms=0.000101047958579624
Qms=3.82
Qes=0.62
Rms=21.1010790874184
Mms=0.656543642676675
Sd=0.1219
Vas=0.213
Dia=0
Vd=0.0026818
no=0.00249254453875498
Dd=0.393964339126292
EBP=31.5161290322581
numVC=2
Hc=0
Hg=0
SPLmax=113.120882486308
SPLmaxLF=109.132939328653
USPL=94.7426843452116
alfaVC=0
Rt=0
Ct=0
gamma=18.2146533945947
Rme=130.00987437732
Mpow=11.4021872628597
Mcost=0
Gloss=0.0295725748214723
VCCon=1
c=343.684120962152
roo=1.20095217714682
Thick=0
Depth=0.248
MagDepth=0.087
Magnet=0.19
Basket=0.422
Outer=0.462
Vcd=0.075
DVol=0.01049116969431
ParState=EEECEEECCENCEECCCECENCCENNCCCNNNCCCCNCNEEEEEECNCC
