[Driver]
Brand=Dayton Audio
Model=RSS265HO-44 (10" Reference HO DVC)
Manufacturer=Dayton Audio
ProvidedBy=Dayton Audio
Comment=
DateAdded=20190826
DateModified=20190826
Qts=0.45
Znom=2
Fs=27.6
Pe=0
SPL=83.6779542069143
Re=1.6
Le=0
fLe=0
KLe=0
BL=9.44275108445945
Xmax=0.01325
Cms=0.000206536219413627
Qms=4.42058823529412
Qes=0.501
Rms=6.31589298638343
Mms=0.161
Sd=0.0344642781299424
Vas=0.0348
Dia=0
Vd=0.000456651685221736
no=0.00142020193344344
Dd=0.20947859507786
EBP=55.0898203592814
numVC=2
Hc=0
Hg=0
SPLmax=0
SPLmaxLF=93.7561128913725
USPL=90.6724830908408
alfaVC=0
Rt=0
Ct=0
gamma=58.6506278537854
Rme=55.7284675269126
Mpow=7.46515020122922
Mcost=0
Gloss=0.0246108660372933
VCCon=1
c=343.684120962282
roo=1.20095217680034
Thick=0
Depth=0
MagDepth=0
Magnet=0
Basket=0
Outer=0
Vcd=0
DVol=0
ParState=CENCENNNCENCCEECECCENCCENNNCCNNNCCCCNCNNNNNNNNNCC
