[Driver]
Brand=Dayton Audio
Model=LW150-4
Manufacturer=Dayton Audio
ProvidedBy=Dayton Audio
Comment=
DateAdded=20230415
DateModified=20230415
Qts=0.64297176820208
Znom=6
Fs=62.6
Pe=0
SPL=82.7854258657564
Re=3.55327950955247
Le=0.00086
fLe=1000
KLe=0.0681692295188234
BL=6.52
Xmax=0.004
Cms=0.00029515319041356
Qms=6.01
Qes=0.72
Rms=1.4332562504201
Mms=0.0219
Sd=0.00912991319704656
Vas=0.00349
Dia=0
Vd=0.0000365196527881863
no=0.00115637119634341
Dd=0.107817283041631
EBP=86.9444444444444
numVC=1
Hc=0
Hg=0
SPLmax=0
SPLmaxLF=71.8149443935881
USPL=86.3148608613777
alfaVC=0
Rt=0
Ct=0
gamma=297.716894977169
Rme=11.9637084236455
Mpow=3.45885941079506
Mcost=0
Gloss=0.015847190590361
VCCon=1
c=343.684120962282
roo=1.20095217680034
Thick=0
Depth=0
MagDepth=0
Magnet=0
Basket=0
Outer=0
Vcd=0
DVol=0
ParState=CENCCEECEENCEECCECCENCCENNNCCNNNCCCCNCNNNNNNNNNCC
