[Driver]
Brand=Dayton Audio
Model=ES180TiA-8
Manufacturer=Dayton Audio
ProvidedBy=Dayton Audio
Comment=
DateAdded=20200907
DateModified=20200907
Qts=0.40374531835206
Znom=12
Fs=33.7
Pe=0
SPL=84.5873402800119
Re=7.4
Le=0.00113
fLe=1000
KLe=0.0895711969258958
BL=9.79022586129367
Xmax=0.0053
Cms=0.000828674264992267
Qms=4.9
Qes=0.44
Rms=1.16308190465149
Mms=0.0269151379316173
Sd=0.01327
Vas=0.0207
Dia=0
Vd=0.000070331
no=0.00175101032465914
Dd=0.129984186571427
EBP=76.5909090909091
numVC=1
Hc=0
Hg=0
SPLmax=0
SPLmaxLF=77.5073474466395
USPL=84.9307517931879
alfaVC=0
Rt=0
Ct=0
gamma=363.744220303365
Rme=12.9525030290734
Mpow=3.59895860341202
Mcost=0
Gloss=0.0412691256253214
VCCon=1
c=343.684120962282
roo=1.20095217680035
Thick=0
Depth=0
MagDepth=0
Magnet=0
Basket=0
Outer=0
Vcd=0
DVol=0
ParState=CENCEEECCENCEECCCECENCCENNNCCNNNCCCCNCNNNNNNNNNCC
