[Driver]
Brand=Dayton Audio
Model=Ultimax UM12-22
Manufacturer=Dayton Audio
ProvidedBy=Dayton Audio
Comment=
DateAdded=20180306
DateModified=20180306
Qts=0.592880572880573
Znom=2
Fs=26.19
Pe=600
SPL=82.7733276970882
Re=0.8
Le=0.00125
fLe=1000
KLe=0.0990831824401503
BL=7.07712101904906
Xmax=0.019
Cms=0.000136903685851847
Qms=3.62
Qes=0.709
Rms=12.2619889917302
Mms=0.269745448637785
Sd=0.04909
Vas=0.0468
Dia=0
Vd=0.00093271
no=0.0011531543681533
Dd=0.250006658413429
EBP=36.9393511988717
numVC=2
Hc=0
Hg=0
SPLmax=107.554840200925
SPLmaxLF=99.9593442608948
USPL=92.7781565376545
alfaVC=0
Rt=0
Ct=0
gamma=26.2362944575656
Rme=62.6070523978326
Mpow=7.91246184179314
Mcost=0
Gloss=0.0190605900627706
VCCon=1
c=343.684120962152
roo=1.20095217714682
Thick=0
Depth=0.158
MagDepth=0.072
Magnet=0.158
Basket=0.285
Outer=0.3145
Vcd=0.0635
DVol=0.00326714383238381
ParState=EEECEEECCENCEECCCECENCCENNCCCNNNCCCCNCNEEEEEECNCC
