[Driver]
Brand=Focal
Model=ES 165 K2
Manufacturer=Focal
ProvidedBy=Focal
Comment=
DateAdded=20220712
DateModified=20220712
Qts=0.552631578947368
Znom=2
Fs=67
Pe=0
SPL=89.0339981413528
Re=1.89923155407794
Le=0
fLe=0
KLe=0
BL=4.2
Xmax=0.0048
Cms=0.000426258855816729
Qms=7
Qes=0.6
Rms=0.796111457159349
Mms=0.0132378435166122
Sd=0.01286
Vas=0.01
Dia=0
Vd=0.000061728
no=0.00487477407720742
Dd=0.127960386625292
EBP=111.666666666667
numVC=1
Hc=0
Hg=0
SPLmax=0
SPLmaxLF=76.3740557166108
USPL=95.2839476808888
alfaVC=0
Rt=0
Ct=0
gamma=317.272219960103
Rme=9.28796700019241
Mpow=3.04761660977762
Mcost=0
Gloss=0.0115284281201981
VCCon=1
c=343.684120962282
roo=1.20095217680035
Thick=0
Depth=0
MagDepth=0
Magnet=0
Basket=0
Outer=0
Vcd=0
DVol=0
ParState=CENCCNNNEENCEECCCECENCCENNNCCNNNCCCCNCNNNNNNNNNCC
