[Driver]
Brand=Infinity
Model=Reference 1200S (4Ω)
Manufacturer=Infinity
ProvidedBy=Infinity
Comment=
DateAdded=20180405
DateModified=20180405
Qts=0.541269011406844
Znom=4
Fs=22.82
Pe=250
SPL=84.6695379720251
Re=4.16
Le=0.00071
fLe=1000
KLe=0.0562792476260053
BL=12.8645692281224
Xmax=0.00765
Cms=0.000274780966464326
Qms=3.57
Qes=0.638
Rms=7.10967303849175
Mms=0.17702
Sd=0.050273
Vas=0.0985146682385471
Dia=0
Vd=0.00038458845
no=0.00178446681488424
Dd=0.253001129705918
EBP=35.7680250783699
numVC=1
Hc=0.0233
Hg=0.008
SPLmax=105.648938058745
SPLmaxLF=92.2643363462735
USPL=87.5143333762434
alfaVC=0
Rt=0
Ct=0
gamma=72.6729704447093
Rme=39.7829666887391
Mpow=6.30737399309246
Mcost=77.8254285848459
Gloss=0.062354560651097
VCCon=1
c=343.684120962152
roo=1.20095217714682
Thick=0.0168
Depth=0.0825
MagDepth=0
Magnet=0
Basket=0.2818
Outer=0.31
Vcd=0.051
DVol=0
ParState=EEECEEECCCNCEECCEECCNCCEEECCCNNNCCCCCCEENNEEENNCC
