[Driver]
Brand=Infinity
Model=Reference Flex 8D (4Ω)
Manufacturer=Infinity
ProvidedBy=Infinity
Comment=
DateAdded=20180414
DateModified=20180414
Qts=0.756714071856287
Znom=2
Fs=40.12
Pe=150
SPL=81.8675415312126
Re=3.67
Le=0.00162
fLe=1000
KLe=0.128411804442435
BL=8.84642730826617
Xmax=0.0031
Cms=0.000219896887398737
Qms=7.17
Qes=0.846
Rms=2.5160598618179
Mms=0.0715647786830757
Sd=0.020106
Vas=0.01261
Dia=0
Vd=0.0000623286
no=0.000936071088572588
Dd=0.159999232143299
EBP=47.4231678486998
numVC=2
Hc=0.0147
Hg=0.0085
SPLmax=100.628454121769
SPLmaxLF=76.4581590409046
USPL=85.2566095991775
alfaVC=0
Rt=0
Ct=0
gamma=123.614262086138
Rme=21.3240534388113
Mpow=4.61779746619655
Mcost=29.1010611635542
Gloss=0.0497825795423392
VCCon=2
c=343.684120962152
roo=1.20095217714682
Thick=0.0215
Depth=0.0633
MagDepth=0
Magnet=0
Basket=0.192
Outer=0.26
Vcd=0.0389
DVol=0
ParState=EEECEEECCCNCEECCCECENCCEEECCCNNNCCCCCCEENNEEENNCC
