[Driver]
Brand=Infinity
Model=Kappa 120.9w (4Ω)
Manufacturer=Infinity
ProvidedBy=Infinity
Comment=
DateAdded=20180405
DateModified=20180405
Qts=0.429565217391304
Znom=4
Fs=27.2
Pe=350
SPL=85.3262871713118
Re=4.3
Le=0.00118
fLe=1000
KLe=0.0935345242235019
BL=18.3012652350591
Xmax=0.015
Cms=0.000144462161681808
Qms=2.47
Qes=0.52
Rms=16.3983505118229
Mms=0.237
Sd=0.05188
Vas=0.0551567530211608
Dia=0
Vd=0.0007782
no=0.00207578990650338
Dd=0.257012971619839
EBP=52.3076923076923
numVC=1
Hc=0.04
Hg=0.01
SPLmax=107.766967614815
SPLmaxLF=98.3862361291954
USPL=88.0273313260017
alfaVC=0
Rt=0
Ct=0
gamma=77.2205284179708
Rme=77.8921649311586
Mpow=8.82565379624414
Mcost=194.730412327897
Gloss=0.022383699754139
VCCon=1
c=343.684120962152
roo=1.20095217714682
Thick=0
Depth=0
MagDepth=0
Magnet=0
Basket=0.283
Outer=0.32
Vcd=0.051
DVol=0
ParState=EEECEEECCCNCEECCEECCNCCEEECCCNNNCCCCCCNNNNEEENNCC
