[Driver]
Brand=Infinity
Model=Kappa 1000W (4Ω)
Manufacturer=Infinity
ProvidedBy=Infinity
Comment=
DateAdded=20180315
DateModified=20180315
Qts=0.370235934664247
Znom=4
Fs=30.48
Pe=450
SPL=84.7703917371648
Re=3.858
Le=0.00085
fLe=1000
KLe=0.0673765640593022
BL=16.7890445836776
Xmax=0.01025
Cms=0.000175168198854358
Qms=4
Qes=0.408
Rms=7.45229285623043
Mms=0.155652131947177
Sd=0.033
Vas=0.02706
Dia=0
Vd=0.00033825
no=0.00182639139557536
Dd=0.204980255088778
EBP=74.7058823529412
numVC=1
Hc=0.0285
Hg=0.008
SPLmax=108.302516874918
SPLmaxLF=91.1491677052341
USPL=87.9424982145719
alfaVC=0
Rt=0
Ct=0
gamma=107.862606015414
Rme=73.0616946689258
Mpow=8.54761339023507
Mcost=166.671990963487
Gloss=0.0260859794691728
VCCon=1
c=343.684120962152
roo=1.20095217714682
Thick=0
Depth=0.159
MagDepth=0
Magnet=0
Basket=0.231
Outer=0.27
Vcd=0.051
DVol=0
ParState=EEECEEECCCNCEECCCECENCCEEECCCNNNCCCCCCNENNEEENNCC
