[Driver]
Brand=Infinity
Model=Kappa 20mx
Manufacturer=Infinity
ProvidedBy=Infinity
Comment=
DateAdded=20201024
DateModified=20201024
Qts=0.64819944598338
Znom=2.5
Fs=635
Pe=0
SPL=91.1400213667225
Re=2.3
Le=0
fLe=0
KLe=0
BL=4.37240211943422
Xmax=0
Cms=0.0000418795063311789
Qms=6.5
Qes=0.72
Rms=0.920728308475163
Mms=0.0015
Sd=0.001963
Vas=0.0000228921614839805
Dia=0
Vd=0
no=0.00791693019194853
Dd=0.0499936918652256
EBP=881.944444444444
numVC=1
Hc=0
Hg=0
SPLmax=0
SPLmaxLF=0
USPL=96.5584717170324
alfaVC=0
Rt=0
Ct=0
gamma=2914.93474628948
Rme=8.312130562623
Mpow=2.88307657938928
Mcost=0
Gloss=0
VCCon=1
c=343.684120962282
roo=1.20095217680034
Thick=0
Depth=0
MagDepth=0
Magnet=0
Basket=0
Outer=0
Vcd=0
DVol=0
ParState=EENCENNNCNNCEECCEENCNCCENNNNCNNNCCCCNNNNNNNNNNNCC
