[Driver]
Brand=Infinity
Model=Kappa 100.9w (4Ω)
Manufacturer=Infinity
ProvidedBy=Infinity
Comment=
DateAdded=20180405
DateModified=20180405
Qts=0.436448345712357
Znom=4
Fs=33.79
Pe=350
SPL=83.2455815788974
Re=4.2
Le=0.00117
fLe=1000
KLe=0.0927418587639807
BL=17.7513662174503
Xmax=0.015
Cms=0.000118006527395337
Qms=2.43
Qes=0.532
Rms=16.4255392294504
Mms=0.188
Sd=0.033
Vas=0.0182296595626517
Dia=0
Vd=0.000495
no=0.00128562064128975
Dd=0.204980255088778
EBP=63.515037593985
numVC=1
Hc=0.04
Hg=0.01
SPLmax=105.6862620224
SPLmaxLF=94.4565155785123
USPL=86.0488173854042
alfaVC=0
Rt=0
Ct=0
gamma=94.4221607311185
Rme=75.0264291871513
Mpow=8.66177979327293
Mcost=187.566072967878
Gloss=0.0145041838555812
VCCon=1
c=343.684120962152
roo=1.20095217714682
Thick=0
Depth=0
MagDepth=0
Magnet=0
Basket=0.234
Outer=0.273
Vcd=0.051
DVol=0
ParState=EEECEEECCCNCEECCEECCNCCEEECCCNNNCCCCCCNNNNEEENNCC
