[Driver]
Brand=Infinity
Model=Kappa Perfect 600
Manufacturer=Infinity
ProvidedBy=Infinity
Comment=
DateAdded=20200821
DateModified=20200821
Qts=0.697074954296161
Znom=6
Fs=59.43
Pe=0
SPL=86.0584714747699
Re=3.54
Le=0
fLe=0
KLe=0
BL=5.21797902385419
Xmax=0
Cms=0.00042461873600798
Qms=4.65
Qes=0.82
Rms=1.35632040438451
Mms=0.01689
Sd=0.0128007871356242
Vas=0.00987
Dia=0
Vd=0
no=0.00245698115997302
Dd=0.127665454939126
EBP=72.4756097560976
numVC=1
Hc=0
Hg=0
SPLmax=0
SPLmaxLF=0
USPL=89.6041675649978
alfaVC=0
Rt=0
Ct=0
gamma=308.938959375618
Rme=7.69132912242437
Mpow=2.77332456132065
Mcost=0
Gloss=0
VCCon=1
c=343.684120962282
roo=1.20095217680035
Thick=0
Depth=0
MagDepth=0
Magnet=0
Basket=0
Outer=0
Vcd=0
DVol=0
ParState=CENCENNNCNNCEECCECNENCCENNNNCNNNCCCCNNNNNNNNNNNCC
