[Driver]
Brand=Infinity
Model=Kappa 100.9w (2Ω)
Manufacturer=Infinity
ProvidedBy=Infinity
Comment=
DateAdded=20171009
DateModified=20171009
Qts=0.456923076923077
Znom=2
Fs=33.79
Pe=350
SPL=83.4035242507297
Re=2
Le=0.00117
fLe=1000
KLe=0.0927418587639807
BL=12.4743886282024
Xmax=0.015
Cms=0.000118006527395337
Qms=4.18
Qes=0.513
Rms=9.54881826018289
Mms=0.188
Sd=0.033
Vas=0.0182296595626516
Dia=0
Vd=0.000495
no=0.00133323622059678
Dd=0.204980255088778
EBP=65.8674463937622
numVC=1
Hc=0.04
Hg=0.01
SPLmax=105.844204694233
SPLmaxLF=94.4565155785123
USPL=89.4289530045757
alfaVC=0
Rt=0
Ct=0
gamma=66.3531310010765
Rme=77.8051858237124
Mpow=8.82072479015826
Mcost=194.512964559281
Gloss=0.0145041838555812
VCCon=1
c=343.684120962152
roo=1.20095217714682
Thick=0
Depth=0
MagDepth=0
Magnet=0
Basket=0.234
Outer=0.273
Vcd=0.051
DVol=0
ParState=EEECEEECCCNCEECCEECCNCCEEECCCNNNCCCCCCNNNNEEENNCC
