[Driver]
Brand=Infinity
Model=Kappa 1200W (4Ω)
Manufacturer=Infinity
ProvidedBy=Infinity
Comment=
DateAdded=20180405
DateModified=20180405
Qts=0.495838808585195
Znom=4
Fs=26.48
Pe=500
SPL=85.2862183786788
Re=3.762
Le=0.00085
fLe=1000
KLe=0.0673765640593022
BL=15.7401356101702
Xmax=0.01275
Cms=0.000161245488172696
Qms=4
Qes=0.566
Rms=9.31868406891454
Mms=0.224035443002937
Sd=0.05309
Vas=0.06447
Dia=0
Vd=0.0006768975
no=0.00205672637126248
Dd=0.25999286034426
EBP=46.7844522968198
numVC=1
Hc=0.0355
Hg=0.01
SPLmax=109.275918422039
SPLmaxLF=97.1748698020635
USPL=88.567759177021
alfaVC=0
Rt=0
Ct=0
gamma=70.257345887739
Rme=65.8564245152971
Mpow=8.11519713348339
Mcost=149.823365772301
Gloss=0.0277852809536505
VCCon=1
c=343.684120962152
roo=1.20095217714682
Thick=0.0153
Depth=0.178
MagDepth=0
Magnet=0
Basket=0.288
Outer=0.328
Vcd=0.051
DVol=0
ParState=EEECEEECCCNCEECCCECENCCEEECCCNNNCCCCCCEENNEEENNCC
