[Driver]
Brand=Infinity
Model=Reference 1000S (4Ω)
Manufacturer=Infinity
ProvidedBy=Infinity
Comment=
DateAdded=20180405
DateModified=20180405
Qts=0.594851104707013
Znom=4
Fs=30.18
Pe=200
SPL=83.3510897237868
Re=4.09
Le=0.00072
fLe=1000
KLe=0.0570719130855266
BL=12.8412190767155
Xmax=0.00765
Cms=0.00019095064168274
Qms=4.52
Qes=0.685
Rms=6.11000181495439
Mms=0.14564
Sd=0.0353
Vas=0.0337532177390724
Dia=0
Vd=0.000270045
no=0.00131723618097378
Dd=0.212003197921992
EBP=44.0583941605839
numVC=1
Hc=0.0233
Hg=0.008
SPLmax=103.361389680427
SPLmaxLF=89.1931344106697
USPL=86.2695853541992
alfaVC=0
Rt=0
Ct=0
gamma=88.1709631743718
Rme=40.3170922680202
Mpow=6.34957418005493
Mcost=78.8703117493145
Gloss=0.035650123019344
VCCon=1
c=343.684120962152
roo=1.20095217714682
Thick=0.0158
Depth=0.0831
MagDepth=0
Magnet=0
Basket=0.2398
Outer=0.268
Vcd=0.051
DVol=0
ParState=EEECEEECCCNCEECCEECCNCCEEECCCNNNCCCCCCEENNEEENNCC
