[Driver]
Brand=Infinity
Model=Kappa Perfect 300M
Manufacturer=Infinity
ProvidedBy=Infinity
Comment=
DateAdded=20200619
DateModified=20200619
Qts=1.0813567251462
Znom=4
Fs=170.36
Pe=0
SPL=85.292247293638
Re=3.64
Le=0
fLe=0
KLe=0
BL=3.67825535540217
Xmax=0
Cms=0.000197909394921984
Qms=7.28
Qes=1.27
Rms=0.648417473871733
Mms=0.00441
Sd=0.00440193798995306
Vas=0.000544
Dia=0
Vd=0
no=0.00205958352055664
Dd=0.074864688086442
EBP=134.141732283465
numVC=1
Hc=0
Hg=0
SPLmax=0
SPLmaxLF=0
USPL=88.7169621676332
alfaVC=0
Rt=0
Ct=0
gamma=834.07150916149
Rme=3.71691276361119
Mpow=1.92792965732964
Mcost=0
Gloss=0
VCCon=1
c=343.684120962282
roo=1.20095217680035
Thick=0
Depth=0
MagDepth=0
Magnet=0
Basket=0
Outer=0
Vcd=0
DVol=0
ParState=EENCENNNCNNCEECCECNENCCENNNNCNNNCCCCNNNNNNNNNNNCC
