[Driver]
Brand=Infinity
Model=Reference 1000S (2Ω)
Manufacturer=Infinity
ProvidedBy=Infinity
Comment=
DateAdded=20180405
DateModified=20180405
Qts=0.577617453288692
Znom=2
Fs=30
Pe=200
SPL=83.7839363184719
Re=1.8
Le=0.00065
fLe=1000
KLe=0.0515232548688781
BL=8.91539246128533
Xmax=0.00765
Cms=0.000194088498958573
Qms=8.64
Qes=0.619
Rms=3.16362743539622
Mms=0.14501
Sd=0.0353
Vas=0.0343078782467931
Dia=0
Vd=0.000270045
no=0.00145528586320802
Dd=0.212003197921992
EBP=48.4652665589661
numVC=1
Hc=0.0233
Hg=0.008
SPLmax=103.794236275112
SPLmaxLF=89.1931344106697
USPL=90.2669399779247
alfaVC=0
Rt=0
Ct=0
gamma=61.4812251657494
Rme=44.157901521524
Mpow=6.64514119650772
Mcost=86.3838948514813
Gloss=0.0360792079000048
VCCon=1
c=343.684120962152
roo=1.20095217714682
Thick=0.0158
Depth=0.0831
MagDepth=0
Magnet=0
Basket=0.2398
Outer=0.268
Vcd=0.051
DVol=0
ParState=EEECEEECCCNCEECCEECCNCCEEECCCNNNCCCCCCEENNEEENNCC
