[Driver]
Brand=Infinity
Model=Kappa 90csx
Manufacturer=Infinity
ProvidedBy=Infinity
Comment=
DateAdded=20190312
DateModified=20190312
Qts=0.541746860762307
Znom=4
Fs=56.081757655104
Pe=0
SPL=90.47138031114
Re=2.24888400691483
Le=0
fLe=0
KLe=0
BL=5.94
Xmax=0
Cms=0.000312402224399811
Qms=8.42
Qes=0.579
Rms=1.07887792298449
Mms=0.02578
Sd=0.022737
Vas=0.02291
Dia=0
Vd=0
no=0.00678723224111859
Dd=0.170145959483743
EBP=96.8596850692642
numVC=1
Hc=0
Hg=0
SPLmax=0
SPLmaxLF=0
USPL=95.9874384621825
alfaVC=0
Rt=0
Ct=0
gamma=230.411171450737
Rme=15.6893818851976
Mpow=3.96098243939525
Mcost=0
Gloss=0
VCCon=1
c=343.684120962152
roo=1.20095217714682
Thick=0
Depth=0
MagDepth=0
Magnet=0
Basket=0
Outer=0
Vcd=0
DVol=0
ParState=CCNCCNNNENNCEECCEENENCCENNNNCNNNCCCCNNNNNNNNNNNCC
