[Driver]
Brand=Infinity
Model=Reference 1260w
Manufacturer=Infinity
ProvidedBy=Infinity
Comment=
DateAdded=20190829
DateModified=20190829
Qts=0.387283783783784
Znom=4
Fs=23.5
Pe=0
SPL=86.226151298929
Re=3.59
Le=0.00289
fLe=1000
KLe=0.229080317801627
BL=16.9088434786285
Xmax=0.013
Cms=0.000207412560679161
Qms=6.99
Qes=0.41
Rms=4.67132453412359
Mms=0.221141110163471
Sd=0.0531
Vas=0.08296
Dia=0
Vd=0.0006903
no=0.00255369960176034
Dd=0.260017345239577
EBP=57.3170731707317
numVC=1
Hc=0.034
Hg=0.008
SPLmax=0
SPLmaxLF=97.3451690651011
USPL=89.7109355236316
alfaVC=0
Rt=0
Ct=0
gamma=76.4617825520058
Rme=79.6403865695705
Mpow=8.92414626558588
Mcost=209.056014745123
Gloss=0.0346004591554178
VCCon=1
c=343.684120962282
roo=1.20095217680035
Thick=0
Depth=0.162
MagDepth=0
Magnet=0
Basket=0.282
Outer=0.314
Vcd=0.051
DVol=0
ParState=EENCEEECCCNCEECCCECENCCEEENCCNNNCCCCCCNENNEEENNCC
