[Driver]
Brand=Infinity
Model=Reference Flex 8D (2Ω)
Manufacturer=Infinity
ProvidedBy=Infinity
Comment=
DateAdded=20180414
DateModified=20180414
Qts=1.3623177218169
Znom=2
Fs=40.81
Pe=150
SPL=78.9151228048525
Re=1.89
Le=0.0004
fLe=1000
KLe=0.0317066183808481
BL=4.50394587178482
Xmax=0.0031
Cms=0.000213235459088958
Qms=6.794
Qes=1.704
Rms=2.69195979184938
Mms=0.0713259637001189
Sd=0.020106
Vas=0.012228
Dia=0
Vd=0.0000623286
no=0.000474315109200147
Dd=0.159999232143299
EBP=23.9495305164319
numVC=1
Hc=0.0147
Hg=0.0085
SPLmax=97.6760353954093
SPLmaxLF=76.4581590409046
USPL=85.1862334736058
alfaVC=0
Rt=0
Ct=0
gamma=63.1459518825585
Rme=10.7330838179722
Mpow=3.27613855292664
Mcost=14.6475026221739
Gloss=0.048113400827854
VCCon=1
c=343.684120962152
roo=1.20095217714682
Thick=0.0215
Depth=0.0633
MagDepth=0
Magnet=0
Basket=0.192
Outer=0.26
Vcd=0.0389
DVol=0
ParState=EEECEEECCCNCEECCCECENCCEEECCCNNNCCCCCCEENNEEENNCC
