[Driver]
Brand=Infinity
Model=Kappa Perfect 900
Manufacturer=Infinity
ProvidedBy=Infinity
Comment=
DateAdded=20190406
DateModified=20190406
Qts=0.65584575740843
Znom=6
Fs=45.92
Pe=0
SPL=88.8693408216852
Re=3.57
Le=0
fLe=0
KLe=0
BL=5.75572442129038
Xmax=0
Cms=0.00048951042589897
Qms=4.67
Qes=0.763
Rms=1.51614041815022
Mms=0.02454
Sd=0.0234023713032079
Vas=0.03803
Dia=0
Vd=0
no=0.00469341288092545
Dd=0.172617567425276
EBP=60.1834862385321
numVC=1
Hc=0
Hg=0
SPLmax=0
SPLmaxLF=0
USPL=92.378387371049
alfaVC=0
Rt=0
Ct=0
gamma=234.544597444596
Rme=9.2796536733441
Mpow=3.04625239816797
Mcost=0
Gloss=0
VCCon=1
c=343.684120962152
roo=1.20095217714682
Thick=0
Depth=0
MagDepth=0
Magnet=0
Basket=0
Outer=0
Vcd=0
DVol=0
ParState=CENCENNNCNNCEECCECNENCCENNNNCNNNCCCCNNNNNNNNNNNCC
