[Driver]
Brand=Infinity
Model=Reference Flex 8S
Manufacturer=Infinity
ProvidedBy=Infinity
Comment=
DateAdded=20180414
DateModified=20180414
Qts=1.10106459007551
Znom=2
Fs=41.3
Pe=150
SPL=80.5898485070414
Re=2.29
Le=0.000576
fLe=1000
KLe=0.0456575304684212
BL=5.24172798064113
Xmax=0.00465
Cms=0.000238799998099786
Qms=6.071
Qes=1.345
Rms=2.65812578375566
Mms=0.0621878927596941
Sd=0.020106
Vas=0.013694
Dia=0
Vd=0.0000934929
no=0.000697492479693079
Dd=0.159999232143299
EBP=30.7063197026022
numVC=1
Hc=0.0178
Hg=0.0085
SPLmax=99.3507610975982
SPLmaxLF=79.9799842220183
USPL=86.0272223941283
alfaVC=0
Rt=0
Ct=0
gamma=84.2885608119279
Rme=11.9981276083127
Mpow=3.46383134813356
Mcost=18.561809182272
Gloss=0.031318999701194
VCCon=1
c=343.684120962152
roo=1.20095217714682
Thick=0.0215
Depth=0.0633
MagDepth=0
Magnet=0
Basket=0.192
Outer=0.26
Vcd=0.0389
DVol=0
ParState=EEECEEECCCNCEECCCECENCCEEECCCNNNCCCCCCEENNEEENNCC
