[Driver]
Brand=Infinity
Model=Kappa 800W (2Ω)
Manufacturer=Infinity
ProvidedBy=Infinity
Comment=
DateAdded=20180405
DateModified=20180405
Qts=0.41175151379233
Znom=2
Fs=34.49
Pe=400
SPL=82.6417210101136
Re=2.005
Le=0.0011
fLe=1000
KLe=0.0871932005473322
BL=10.2001045057864
Xmax=0.00925
Cms=0.000193740040391292
Qms=4
Qes=0.459
Rms=5.95453099194443
Mms=0.109909311819292
Sd=0.02164
Vas=0.01287
Dia=0
Vd=0.00020017
no=0.00111873385216422
Dd=0.165990673677978
EBP=75.1416122004357
numVC=1
Hc=0.0245
Hg=0.006
SPLmax=105.662320923393
SPLmaxLF=86.5923913833122
USPL=88.6563059510374
alfaVC=0
Rt=0
Ct=0
gamma=92.8047345302004
Rme=51.8913376204307
Mpow=7.2035642303259
Mcost=131.890483118595
Gloss=0.0225752629415932
VCCon=1
c=343.684120962152
roo=1.20095217714682
Thick=0.013
Depth=0.132
MagDepth=0
Magnet=0
Basket=0.19
Outer=0.229
Vcd=0.051
DVol=0
ParState=EEECEEECCCNCEECCCECENCCEEECCCNNNCCCCCCEENNEEENNCC
