[Driver]
Brand=Infinity
Model=Kappa 303S
Manufacturer=Infinity
ProvidedBy=Infinity
Comment=
DateAdded=20240919
DateModified=20240919
Qts=0.553845436168559
Znom=4
Fs=212.9
Pe=0
SPL=87.2109083743
Re=2.77075201468682
Le=0
fLe=0
KLe=0
BL=5.64
Xmax=0
Cms=0.00011226798459272
Qms=12.282
Qes=0.58
Rms=0.542149985868728
Mms=0.0049777492321292
Sd=0.003526
Vas=0.000198
Dia=0
Vd=0
no=0.00320365334259791
Dd=0.0670033031628754
EBP=367.068965517241
numVC=1
Hc=0
Hg=0
SPLmax=0
SPLmaxLF=0
USPL=91.820660507846
alfaVC=0
Rt=0
Ct=0
gamma=1133.04221184873
Rme=11.4804933214478
Mpow=3.38828766804824
Mcost=0
Gloss=0
VCCon=1
c=343.684120962282
roo=1.20095217680035
Thick=0
Depth=0
MagDepth=0
Magnet=0
Basket=0
Outer=0
Vcd=0
DVol=0
ParState=CENCCNNNENNCEECCCENENCCENNNNCNNNCCCCNNNNNNNNNNNCC
