[Driver]
Brand=Infinity
Model=Kappa 120.9w (2Ω)
Manufacturer=Infinity
ProvidedBy=Infinity
Comment=
DateAdded=20180405
DateModified=20180405
Qts=0.457611940298507
Znom=2
Fs=27.2
Pe=350
SPL=85.4021116063127
Re=2.1
Le=0.00118
fLe=1000
KLe=0.0935345242235019
BL=12.9017242817357
Xmax=0.015
Cms=0.000144462161681808
Qms=4.38
Qes=0.511
Rms=9.24747163566267
Mms=0.237
Sd=0.05188
Vas=0.055156753021161
Dia=0
Vd=0.0007782
no=0.00211234980700931
Dd=0.257012971619839
EBP=53.2289628180039
numVC=1
Hc=0.04
Hg=0.01
SPLmax=107.842792049815
SPLmaxLF=98.3862361291954
USPL=91.2156473694593
alfaVC=0
Rt=0
Ct=0
gamma=54.437655197197
Rme=79.2640425913943
Mpow=8.90303558295676
Mcost=198.160106478486
Gloss=0.022383699754139
VCCon=1
c=343.684120962152
roo=1.20095217714682
Thick=0
Depth=0
MagDepth=0
Magnet=0
Basket=0.283
Outer=0.32
Vcd=0.051
DVol=0
ParState=EEECEEECCCNCEECCEECCNCCEEECCCNNNCCCCCCNNNNEEENNCC
