[Driver]
Brand=JBL
Model=670GTi
Manufacturer=JBL
ProvidedBy=JBL
Comment=
DateAdded=20200922
DateModified=20200922
Qts=0.403342776203966
Znom=6
Fs=60.84
Pe=0
SPL=89.0807679067069
Re=3.48
Le=0.00013
fLe=0
KLe=0
BL=7.56933597669769
Xmax=0.005635
Cms=0.000378307816626905
Qms=10.17
Qes=0.42
Rms=0.679930712197657
Mms=0.0180890824261927
Sd=0.01327
Vas=0.00945
Dia=0
Vd=0.00007477645
no=0.00492755487612367
Dd=0.129984186571427
EBP=144.857142857143
numVC=1
Hc=0.01727
Hg=0.006
SPLmax=0
SPLmaxLF=78.0397084622662
USPL=92.7007041777268
alfaVC=0
Rt=0
Ct=0
gamma=418.447757512422
Rme=16.4640365310718
Mpow=4.05758999050814
Mcost=31.9265108398368
Gloss=0.0119093650529509
VCCon=1
c=343.684120962282
roo=1.20095217680035
Thick=0
Depth=0
MagDepth=0
Magnet=0
Basket=0
Outer=0
Vcd=0
DVol=0
ParState=CENCEENNCCNCEECCCECENCCEEENCCNNNCCCCCCNNNNNNNNNCC
