[Driver]
Brand=JBL
Model=Club WS1200 (2Ω)
Manufacturer=JBL
ProvidedBy=JBL
Comment=
DateAdded=20180405
DateModified=20180405
Qts=0.525647196947461
Znom=2
Fs=22.82
Pe=250
SPL=85.1178444275513
Re=1.84
Le=0.00065
fLe=1000
KLe=0.0515232548688781
BL=9.03131433400609
Xmax=0.00765
Cms=0.000274099665747295
Qms=6.24
Qes=0.574
Rms=4.07766361449485
Mms=0.17746
Sd=0.050273
Vas=0.0982704078191575
Dia=0
Vd=0.00038458845
no=0.0019785139717816
Dd=0.253001129705918
EBP=39.7560975609756
numVC=1
Hc=0.0233
Hg=0.008
SPLmax=106.097244514272
SPLmaxLF=92.2643363462735
USPL=91.5053949079417
alfaVC=0
Rt=0
Ct=0
gamma=50.8921127803792
Rme=44.3286079345782
Mpow=6.6579732602781
Mcost=86.7178392720186
Gloss=0.062354560651097
VCCon=1
c=343.684120962152
roo=1.20095217714682
Thick=0.0158
Depth=0.0831
MagDepth=0
Magnet=0
Basket=0.2818
Outer=0.31
Vcd=0.051
DVol=0
ParState=EEECEEECCCNCEECCEECCNCCEEECCCNNNCCCCCCEENNEEENNCC
