[Driver]
Brand=JBL
Model=Stage 1210
Manufacturer=JBL
ProvidedBy=JBL
Comment=
DateAdded=20180405
DateModified=20180405
Qts=0.550276243093923
Znom=4
Fs=31.72
Pe=250
SPL=87.4370210147832
Re=3.6
Le=0.0023
fLe=1000
KLe=0.182313055689876
BL=13.5836071132933
Xmax=0.01135
Cms=0.0001631578523025
Qms=6.64
Qes=0.6
Rms=4.63138509559014
Mms=0.1543
Sd=0.053093
Vas=0.065241983996559
Dia=0
Vd=0.00060260555
no=0.00337486791547036
Dd=0.260000206054964
EBP=52.8666666666667
numVC=1
Hc=0.0307
Hg=0.008
SPLmax=108.416421101504
SPLmaxLF=96.1650741440412
USPL=90.9097247175962
alfaVC=0
Rt=0
Ct=0
gamma=88.0337466836893
Rme=51.2539950578642
Mpow=7.15918955314526
Mcost=123.970600546209
Gloss=0.0217519762323489
VCCon=1
c=343.684120962152
roo=1.20095217714682
Thick=0.0154
Depth=0.1471
MagDepth=0
Magnet=0
Basket=0.2798
Outer=0.3098
Vcd=0.051
DVol=0
ParState=EEECEEECCCNCEECCEECCNCCEEECCCNNNCCCCCCEENNEEENNCC
