[Driver]
Brand=JBL
Model=S3-1024 (4Ω)
Manufacturer=JBL
ProvidedBy=JBL
Comment=
DateAdded=20180405
DateModified=20180405
Qts=0.476760158216469
Znom=4
Fs=30.18
Pe=450
SPL=82.6320114110643
Re=4.06
Le=0.00091
fLe=1000
KLe=0.0721325568164294
BL=15.2884663091715
Xmax=0.01175
Cms=0.000149919414849996
Qms=2.17
Qes=0.611
Rms=16.2100100423323
Mms=0.1855
Sd=0.034636
Vas=0.0255127920077268
Dia=0
Vd=0.000406973
no=0.00111623547285036
Dd=0.209999821122417
EBP=49.3944353518822
numVC=1
Hc=0.0335
Hg=0.01
SPLmax=106.164136548818
SPLmaxLF=92.7557235514228
USPL=85.5824797857782
alfaVC=0
Rt=0
Ct=0
gamma=82.4176081356953
Rme=57.5707394302146
Mpow=7.58753843022983
Mcost=125.216358260717
Gloss=0.0232105056253601
VCCon=1
c=343.684120962152
roo=1.20095217714682
Thick=0
Depth=0
MagDepth=0
Magnet=0
Basket=0.239
Outer=0.279
Vcd=0.0635
DVol=0
ParState=EEECEEECCCNCEECCEECCNCCEEECCCNNNCCCCCCNNNNEEENNCC
