[Driver]
Brand=JBL
Model=S2-1224 (2Ω)
Manufacturer=JBL
ProvidedBy=JBL
Comment=
DateAdded=20180414
DateModified=20180414
Qts=0.524228636971898
Znom=2
Fs=31.9
Pe=275
SPL=87.2986264697791
Re=2
Le=0.0012
fLe=1000
KLe=0.0951198551425443
BL=10.3423248220716
Xmax=0.01125
Cms=0.000157846739773081
Qms=4.64
Qes=0.591
Rms=6.81201901838529
Mms=0.15769694533993
Sd=0.05228
Vas=0.0612
Dia=0
Vd=0.00058815
no=0.0032690181038762
Dd=0.258001867045094
EBP=53.9763113367174
numVC=1
Hc=0.0285
Hg=0.006
SPLmax=108.691953408082
SPLmaxLF=95.9541736269586
USPL=93.3240552236251
alfaVC=0
Rt=0
Ct=0
gamma=65.5835457039307
Rme=53.4818413626189
Mpow=7.31312801492076
Mcost=153.760293917529
Gloss=0.0216983669920725
VCCon=1
c=343.684120962152
roo=1.20095217714682
Thick=0.017
Depth=0.148
MagDepth=0
Magnet=0
Basket=0.285
Outer=0.328
Vcd=0.05
DVol=0
ParState=EEECEEECCCNCEECCCECENCCEEECCCNNNCCCCCCEENNEEENNCC
