[Driver]
Brand=JBL
Model=Stadium GTO960C
Manufacturer=JBL
ProvidedBy=JBL
Comment=
DateAdded=20190312
DateModified=20190312
Qts=0.572107942973523
Znom=4
Fs=50.77
Pe=0
SPL=89.4726245045669
Re=2.24409940922371
Le=0
fLe=0
KLe=0
BL=5.72
Xmax=0
Cms=0.000352478934547187
Qms=9.21
Qes=0.61
Rms=0.965650947568811
Mms=0.02788
Sd=0.022737
Vas=0.0258490233415923
Dia=0
Vd=0
no=0.00539283495584865
Dd=0.170145959483743
EBP=83.2295081967213
numVC=1
Hc=0
Hg=0
SPLmax=0
SPLmaxLF=0
USPL=94.9979323009715
alfaVC=0
Rt=0
Ct=0
gamma=205.164992826399
Rme=14.5797462739488
Mpow=3.81834339392737
Mcost=0
Gloss=0
VCCon=1
c=343.684120962152
roo=1.20095217714682
Thick=0
Depth=0
MagDepth=0
Magnet=0
Basket=0
Outer=0
Vcd=0
DVol=0
ParState=CENCCNNNENNCEECCEENCNCCENNNNCNNNCCCCNNNNNNNNNNNCC
