[Driver]
Brand=JBL
Model=Club WS1000 (4Ω)
Manufacturer=JBL
ProvidedBy=JBL
Comment=
DateAdded=20180405
DateModified=20180405
Qts=0.57765595463138
Znom=4
Fs=26.6
Pe=200
SPL=82.6936698161235
Re=4.12
Le=0.00053
fLe=1000
KLe=0.0420112693546237
BL=12.7166653271725
Xmax=0.00765
Cms=0.000230964531543974
Qms=4.63
Qes=0.66
Rms=5.5951561601515
Mms=0.155
Sd=0.0353
Vas=0.0408262368458502
Dia=0
Vd=0.000270045
no=0.00113219611508244
Dd=0.212003197921992
EBP=40.3030303030303
numVC=1
Hc=0.0233
Hg=0.008
SPLmax=102.703969772763
SPLmaxLF=89.1931344106697
USPL=85.580426366278
alfaVC=0
Rt=0
Ct=0
gamma=82.0430021107905
Rme=39.2508682143961
Mpow=6.2650513337399
Mcost=76.7845109444124
Gloss=0.0458919202753184
VCCon=1
c=343.684120962152
roo=1.20095217714682
Thick=0.0158
Depth=0.0831
MagDepth=0
Magnet=0
Basket=0.2398
Outer=0.268
Vcd=0.051
DVol=0
ParState=EEECEEECCCNCEECCEECCNCCEEECCCNNNCCCCCCEENNEEENNCC
