[Driver]
Brand=JBL
Model=Stage 810
Manufacturer=JBL
ProvidedBy=JBL
Comment=
DateAdded=20180405
DateModified=20180405
Qts=0.346518010291595
Znom=4
Fs=41.61
Pe=200
SPL=86.9899127616847
Re=3.6
Le=0.00148
fLe=1000
KLe=0.117314488009138
BL=11.9565900269237
Xmax=0.00615
Cms=0.000260320587742737
Qms=5.46
Qes=0.37
Rms=2.69104683946959
Mms=0.0562
Sd=0.020867
Vas=0.0160795242989113
Dia=0
Vd=0.00012833205
no=0.00304471014924135
Dd=0.162999047788595
EBP=112.459459459459
numVC=1
Hc=0.0203
Hg=0.008
SPLmax=107.000212718324
SPLmaxLF=82.731114236287
USPL=90.4626164644976
alfaVC=0
Rt=0
Ct=0
gamma=212.750712222841
Rme=39.7111236310917
Mpow=6.30167625565545
Mcost=70.2390499224935
Gloss=0.0233286921168207
VCCon=1
c=343.684120962152
roo=1.20095217714682
Thick=0.0102
Depth=0.0946
MagDepth=0
Magnet=0
Basket=0.1784
Outer=0.2062
Vcd=0.0388
DVol=0
ParState=EEECEEECCCNCEECCEECCNCCEEECCCNNNCCCCCCEENNEEENNCC
