[Driver]
Brand=JBL
Model=S2-1224 (4Ω)
Manufacturer=JBL
ProvidedBy=JBL
Comment=
DateAdded=20180414
DateModified=20180414
Qts=0.581390374331551
Znom=4
Fs=32.44
Pe=275
SPL=86.5550191499626
Re=4.4
Le=0.00081
fLe=1000
KLe=0.0642059022212174
BL=13.9493839088181
Xmax=0.01125
Cms=0.000154081114935357
Qms=3.02
Qes=0.72
Rms=10.5434545630364
Mms=0.156217311687287
Sd=0.05228
Vas=0.05974
Dia=0
Vd=0.00058815
no=0.00275458763547603
Dd=0.258001867045094
EBP=45.0555555555556
numVC=1
Hc=0.0285
Hg=0.006
SPLmax=107.948346088265
SPLmaxLF=95.9541736269586
USPL=89.1562210955865
alfaVC=0
Rt=0
Ct=0
gamma=89.2947379400677
Rme=44.2239344171806
Mpow=6.65010785004127
Mcost=127.143811449394
Gloss=0.0209819923976151
VCCon=1
c=343.684120962152
roo=1.20095217714682
Thick=0.017
Depth=0.148
MagDepth=0
Magnet=0
Basket=0.285
Outer=0.328
Vcd=0.05
DVol=0
ParState=EEECEEECCCNCEECCCECENCCEEECCCNNNCCCCCCEENNEEENNCC
