[Driver]
Brand=JBL
Model=Club WS1200 (4Ω)
Manufacturer=JBL
ProvidedBy=JBL
Comment=
DateAdded=20180405
DateModified=20180405
Qts=0.54270783847981
Znom=4
Fs=22.82
Pe=250
SPL=84.6559450193978
Re=4.16
Le=0.00071
fLe=1000
KLe=0.0562792476260053
BL=12.8444526102984
Xmax=0.00765
Cms=0.000274780966464326
Qms=3.57
Qes=0.64
Rms=7.10967303849175
Mms=0.17702
Sd=0.050273
Vas=0.0985146682385471
Dia=0
Vd=0.00038458845
no=0.00177889035608773
Dd=0.253001129705918
EBP=35.65625
numVC=1
Hc=0.0233
Hg=0.008
SPLmax=105.635345106118
SPLmaxLF=92.2643363462735
USPL=87.5007404236162
alfaVC=0
Rt=0
Ct=0
gamma=72.5593300773833
Rme=39.6586449178368
Mpow=6.2975110097432
Mcost=77.5822241205182
Gloss=0.062354560651097
VCCon=1
c=343.684120962152
roo=1.20095217714682
Thick=0.0158
Depth=0.0831
MagDepth=0
Magnet=0
Basket=0.2818
Outer=0.31
Vcd=0.051
DVol=0
ParState=EEECEEECCCNCEECCEECCNCCEEECCCNNNCCCCCCEENNEEENNCC
