[Driver]
Brand=JBL
Model=Arena X
Manufacturer=JBL
ProvidedBy=JBL
Comment=
DateAdded=20231104
DateModified=20231104
Qts=0.506158395721925
Znom=2
Fs=26.0072297916636
Pe=0
SPL=84.7709234425794
Re=1.55777879645452
Le=0.0009
fLe=1000
KLe=0.0713398913569082
BL=10.287
Xmax=0.015
Cms=0.000167756771499691
Qms=8.813
Qes=0.537
Rms=4.13925523823231
Mms=0.22324
Sd=0.049087
Vas=0.05734
Dia=0
Vd=0.000736305
no=0.00182661501433377
Dd=0.249999019062905
EBP=48.4305955152023
numVC=1
Hc=0.04
Hg=0.01
SPLmax=0
SPLmaxLF=97.9055665900291
USPL=91.8815942711736
alfaVC=0
Rt=0
Ct=0
gamma=46.0804515319835
Rme=67.9315761909523
Mpow=8.24206140422117
Mcost=169.828940477381
Gloss=0.0244839503337397
VCCon=1
c=343.684120962282
roo=1.20095217680035
Thick=0
Depth=0
MagDepth=0
Magnet=0
Basket=0
Outer=0
Vcd=0
DVol=0
ParState=ECNCCEECECNCEECCEECENCCEEENCCNNNCCCCCCNNNNNNNNNCC
