[Driver]
Brand=JBL
Model=S3-1024 (2Ω)
Manufacturer=JBL
ProvidedBy=JBL
Comment=
DateAdded=20180405
DateModified=20180405
Qts=0.481711956521739
Znom=2
Fs=30.56
Pe=450
SPL=82.9137362392671
Re=1.8
Le=0.00104
fLe=1000
KLe=0.082437207790205
BL=10.6967386247138
Xmax=0.01175
Cms=0.000143734712063123
Qms=3.11
Qes=0.57
Rms=11.6505044314225
Mms=0.1887
Sd=0.034636
Vas=0.0244602996671652
Dia=0
Vd=0.000406973
no=0.00119104536305437
Dd=0.209999821122417
EBP=53.6140350877193
numVC=1
Hc=0.0335
Hg=0.01
SPLmax=106.445861377021
SPLmaxLF=92.7557235514228
USPL=89.3967398987198
alfaVC=0
Rt=0
Ct=0
gamma=56.6864791982713
Rme=63.5667873363578
Mpow=7.97287823413589
Mcost=138.257762456578
Gloss=0.0226368697746347
VCCon=1
c=343.684120962152
roo=1.20095217714682
Thick=0
Depth=0
MagDepth=0
Magnet=0
Basket=0.239
Outer=0.279
Vcd=0.0635
DVol=0
ParState=EEECEEECCCNCEECCEECCNCCEEECCCNNNCCCCCCNNNNEEENNCC
