[Driver]
Brand=JBL
Model=Arena 8
Manufacturer=JBL
ProvidedBy=JBL
Comment=
DateAdded=20230116
DateModified=20230116
Qts=0.605763848607889
Znom=2
Fs=46.4
Pe=400
SPL=82.8243589293916
Re=1.81
Le=0.000666
fLe=1000
KLe=0.0527915196041121
BL=9.00818865901756
Xmax=0.013
Cms=0.000120484742702888
Qms=13.157
Qes=0.635
Rms=2.16378059583632
Mms=0.09765
Sd=0.021124
Vas=0.00762656577469503
Dia=0
Vd=0.000274612
no=0.0011667842868035
Dd=0.16399973214303
EBP=73.0708661417323
numVC=1
Hc=0.034
Hg=0.008
SPLmax=105.844958842671
SPLmaxLF=89.3388018198009
USPL=89.2833018911855
alfaVC=0
Rt=0
Ct=0
gamma=92.2497558527143
Rme=44.832852440029
Mpow=6.69573389853786
Mcost=117.686237655076
Gloss=0.00887527105407414
VCCon=1
c=343.684120962282
roo=1.20095217680035
Thick=0
Depth=0
MagDepth=0
Magnet=0
Basket=0
Outer=0
Vcd=0
DVol=0
ParState=CEECEEECCCNCEECCEECCNCCEEECCCNNNCCCCCCNNNNNNNNNCC
