[Driver]
Brand=JBL
Model=Stage 1010
Manufacturer=JBL
ProvidedBy=JBL
Comment=
DateAdded=20180405
DateModified=20180405
Qts=0.423387703889586
Znom=4
Fs=37.12
Pe=225
SPL=88.768154403321
Re=3.6
Le=0.0015
fLe=1000
KLe=0.11889981892818
BL=12.3846930636558
Xmax=0.00615
Cms=0.000220688308916136
Qms=5.92
Qes=0.456
Rms=3.28179259384945
Mms=0.0833
Sd=0.036644
Vas=0.0420368072920152
Dia=0
Vd=0.0002253606
no=0.00458532495696039
Dd=0.21600136545234
EBP=81.4035087719298
numVC=1
Hc=0.0203
Hg=0.008
SPLmax=109.289979584435
SPLmaxLF=87.6219714047362
USPL=92.240858106134
alfaVC=0
Rt=0
Ct=0
gamma=148.675787078701
Rme=42.6057284113789
Mpow=6.52730636720683
Mcost=75.3588821276264
Gloss=0.0293136493147774
VCCon=1
c=343.684120962152
roo=1.20095217714682
Thick=0.0101
Depth=0.1117
MagDepth=0
Magnet=0
Basket=0.2319
Outer=0.2536
Vcd=0.0388
DVol=0
ParState=EEECEEECCCNCEECCEECCNCCEEECCCNNNCCCCCCEENNEEENNCC
