[Driver]
Brand=JBL
Model=W15GTi (MK I/II)
Manufacturer=JBL
ProvidedBy=JBL
Comment=
DateAdded=20201024
DateModified=20201024
Qts=0.476264591439689
Znom=6
Fs=25.2
Pe=0
SPL=88.2118955781276
Re=2.95
Le=0.00106
fLe=1000
KLe=0.0840225387092474
BL=15.4511799491319
Xmax=0.02032
Cms=0.000153019976093693
Qms=7.2
Qes=0.51
Rms=5.73243269907876
Mms=0.26067
Sd=0.0780403734008503
Vas=0.1322
Dia=0
Vd=0.00158578038750528
no=0.00403407749391468
Dd=0.315220699669074
EBP=49.4117647058823
numVC=2
Hc=0.06604
Hg=0.0254
SPLmax=0
SPLmaxLF=104.569272443618
USPL=92.5494041288317
alfaVC=0
Rt=0
Ct=0
gamma=59.2748684126748
Rme=80.9284616340531
Mpow=8.9960247684215
Mcost=145.671230941296
Gloss=0.0192502402346914
VCCon=1
c=343.684120962282
roo=1.20095217680035
Thick=0
Depth=0
MagDepth=0
Magnet=0
Basket=0
Outer=0
Vcd=0
DVol=0
ParState=EENCEEECCCNCEECCECCENCCEEENCCNNNCCCCCCNNNNNNNNNCC
