[Driver]
Brand=JBL
Model=S2-1024 (4Ω)
Manufacturer=JBL
ProvidedBy=JBL
Comment=
DateAdded=20180414
DateModified=20180414
Qts=0.48815995001562
Znom=4
Fs=30.74
Pe=250
SPL=83.7738168233195
Re=4.3
Le=0.00077
fLe=1000
KLe=0.0610352403831326
BL=13.6148863445681
Xmax=0.00925
Cms=0.000199839903607541
Qms=2.6
Qes=0.601
Rms=9.96461925183187
Mms=0.134137536300912
Sd=0.03301
Vas=0.03089
Dia=0
Vd=0.0003053425
no=0.00145189884938198
Dd=0.205011310350692
EBP=51.1480865224626
numVC=1
Hc=0.0245
Hg=0.006
SPLmax=104.75321691004
SPLmaxLF=90.2601567412278
USPL=86.4748609780095
alfaVC=0
Rt=0
Ct=0
gamma=101.49945138418
Rme=43.1081698082577
Mpow=6.56568121433395
Mcost=109.566598262655
Gloss=0.0284191758805757
VCCon=1
c=343.684120962152
roo=1.20095217714682
Thick=0.017
Depth=0.125
MagDepth=0
Magnet=0
Basket=0.228
Outer=0.272
Vcd=0.05
DVol=0
ParState=EEECEEECCCNCEECCCECENCCEEECCCNNNCCCCCCEENNEEENNCC
