[Driver]
Brand=JBL
Model=S3-1224 (2Ω)
Manufacturer=JBL
ProvidedBy=JBL
Comment=
DateAdded=20180405
DateModified=20180405
Qts=0.471721991701245
Znom=2
Fs=28.85
Pe=500
SPL=86.0118991478438
Re=1.82
Le=0.00103
fLe=1000
KLe=0.0816445423306838
BL=11.7177348981236
Xmax=0.01175
Cms=0.000137969311134281
Qms=4.29
Qes=0.53
Rms=9.32039946023633
Mms=0.22058
Sd=0.053093
Vas=0.0551698337653415
Dia=0
Vd=0.00062384275
no=0.00243077406221701
Dd=0.260000206054964
EBP=54.4339622641509
numVC=1
Hc=0.0335
Hg=0.01
SPLmax=110.001599191204
SPLmaxLF=96.4659142456135
USPL=92.4469139784789
alfaVC=0
Rt=0
Ct=0
gamma=53.1223814404009
Rme=75.4424786498375
Mpow=8.68576298605007
Mcost=164.087391063397
Gloss=0.0253998666910485
VCCon=1
c=343.684120962152
roo=1.20095217714682
Thick=0
Depth=0
MagDepth=0
Magnet=0
Basket=0.282
Outer=0.324
Vcd=0.0635
DVol=0
ParState=EEECEEECCCNCEECCEECCNCCEEECCCNNNCCCCCCNNNNEEENNCC
