[Driver]
Brand=JBL
Model=670GTi (Erin's Audio Corner)
Manufacturer=JBL
ProvidedBy=Erin's Audio Corner
Comment=
DateAdded=20201024
DateModified=20201024
Qts=0.436579766883175
Znom=4
Fs=62.7
Pe=0
SPL=90.4491782005749
Re=3.04
Le=0.000135
fLe=0
KLe=0
BL=5.22590594129964
Xmax=0.0074
Cms=0.000621
Qms=10.784
Qes=0.455
Rms=0.379036568333034
Mms=0.0103756086236482
Sd=0.0120623477520942
Vas=0.0128174
Dia=0
Vd=0.000089261373365497
no=0.00675262292620221
Dd=0.123928439675135
EBP=137.802197802198
numVC=1
Hc=0
Hg=0
SPLmax=0
SPLmaxLF=79.5776828885788
USPL=94.6561710749731
alfaVC=0
Rt=0
Ct=0
gamma=503.672230792197
Rme=8.98358319319437
Mpow=2.99726261665446
Mcost=0
Gloss=0.00853874683702038
VCCon=1
c=343.684120962282
roo=1.20095217680035
Thick=0
Depth=0
MagDepth=0
Magnet=0
Basket=0
Outer=0
Vcd=0
DVol=0
ParState=CENCEENNCENEEECCCCCENCCENNNCCNNNCCCCNCNNNNNNNNNCC
