[Driver]
Brand=JBL
Model=S2-1024 (2Ω)
Manufacturer=JBL
ProvidedBy=JBL
Comment=
DateAdded=20180414
DateModified=20180414
Qts=0.429694323144105
Znom=2
Fs=29.94
Pe=250
SPL=84.6058082275796
Re=2
Le=0.00121
fLe=1000
KLe=0.0959125206020655
BL=10.2890762940863
Xmax=0.00925
Cms=0.000209220540066943
Qms=4.1
Qes=0.48
Rms=6.19698093573821
Mms=0.135061743737234
Sd=0.03301
Vas=0.03234
Dia=0
Vd=0.0003053425
no=0.00175847217825109
Dd=0.205011310350692
EBP=62.375
numVC=1
Hc=0.0245
Hg=0.006
SPLmax=105.5852083143
SPLmaxLF=90.2601567412278
USPL=90.6312369814256
alfaVC=0
Rt=0
Ct=0
gamma=76.1805379479173
Rme=52.9325454927638
Mpow=7.27547561969414
Mcost=134.536886460775
Gloss=0.0299581929862038
VCCon=1
c=343.684120962152
roo=1.20095217714682
Thick=0.017
Depth=0.125
MagDepth=0
Magnet=0
Basket=0.228
Outer=0.272
Vcd=0.05
DVol=0
ParState=EEECEEECCCNCEECCCECENCCEEECCCNNNCCCCCCEENNEEENNCC
