[Driver]
Brand=JBL
Model=S3-1224 (4Ω)
Manufacturer=JBL
ProvidedBy=JBL
Comment=
DateAdded=20180405
DateModified=20180405
Qts=0.472866242038217
Znom=4
Fs=29.05
Pe=500
SPL=85.551881513896
Re=4.07
Le=0.00094
fLe=1000
KLe=0.074510553194993
BL=17.000208815518
Xmax=0.01175
Cms=0.000133024580729495
Qms=2.56
Qes=0.58
Rms=16.0880027130014
Mms=0.22564
Sd=0.053093
Vas=0.0531925827940658
Dia=0
Vd=0.00062384275
no=0.00218646651233666
Dd=0.260000206054964
EBP=50.0862068965517
numVC=1
Hc=0.0335
Hg=0.01
SPLmax=109.541581557256
SPLmaxLF=96.4659142456134
USPL=88.4916661321296
alfaVC=0
Rt=0
Ct=0
gamma=75.3421769877591
Rme=71.0091154229029
Mpow=8.42669065665181
Mcost=154.444826044814
Gloss=0.0250513306264174
VCCon=1
c=343.684120962152
roo=1.20095217714682
Thick=0
Depth=0
MagDepth=0
Magnet=0
Basket=0.282
Outer=0.324
Vcd=0.0635
DVol=0
ParState=EEECEEECCCNCEECCEECCNCCEEECCCNNNCCCCCCNNNNEEENNCC
