[Driver]
Brand=JBL
Model=Club WS1000 (2Ω)
Manufacturer=JBL
ProvidedBy=JBL
Comment=
DateAdded=20180405
DateModified=20180405
Qts=0.602570836212854
Znom=2
Fs=26.62
Pe=200
SPL=82.9056975932931
Re=1.83
Le=0.00058
fLe=1000
KLe=0.0459745966522297
BL=8.67118776337407
Xmax=0.00765
Cms=0.00023097524686729
Qms=13.84
Qes=0.63
Rms=1.87029688451324
Mms=0.15476
Sd=0.0353
Vas=0.0408281309302998
Dia=0
Vd=0.000270045
no=0.00118884281687072
Dd=0.212003197921992
EBP=42.2539682539683
numVC=1
Hc=0.0233
Hg=0.008
SPLmax=102.915997549933
SPLmaxLF=89.1931344106697
USPL=89.3169154064746
alfaVC=0
Rt=0
Ct=0
gamma=56.0299028390674
Rme=41.0871569550209
Mpow=6.40992643912712
Mcost=80.3767507932597
Gloss=0.0458229876222217
VCCon=1
c=343.684120962152
roo=1.20095217714682
Thick=0.0158
Depth=0.0831
MagDepth=0
Magnet=0
Basket=0.2398
Outer=0.268
Vcd=0.051
DVol=0
ParState=EEECEEECCCNCEECCEECCNCCEEECCCNNNCCCCCCEENNEEENNCC
