[Driver]
Brand=JL Audio
Model=10W7-3
Manufacturer=JL Audio
ProvidedBy=JL Audio
Comment=
DateAdded=20180505
DateModified=20180505
Qts=0.53738188449848
Znom=3
Fs=30.6
Pe=750
SPL=84.561905859931
Re=2.75
Le=0
fLe=0
KLe=0
BL=12.0290088924041
Xmax=0.023
Cms=0.000171018805487513
Qms=7.647
Qes=0.578
Rms=3.97707468176866
Mms=0.158180717672606
Sd=0.0385806451612903
Vas=0.03611
Dia=0
Vd=0.000887354838709677
no=0.00174078551678153
Dd=0.221635744140583
EBP=52.9411764705882
numVC=1
Hc=0
Hg=0
SPLmax=110.312518493848
SPLmaxLF=99.5263580365551
USPL=89.2043076321142
alfaVC=0
Rt=0
Ct=0
gamma=76.0459875855479
Rme=52.6171108849221
Mpow=7.25376529017324
Mcost=0
Gloss=0.0115342736253212
VCCon=1
c=343.684120962152
roo=1.20095217714682
Thick=0.0417
Depth=0.203
MagDepth=0
Magnet=0.1662
Basket=0.222
Outer=0.2668
Vcd=0
DVol=0.0025
ParState=EEECENNNCENCEECCCECENCCENNCCCNNNCCCCNCEENEEENENCC
