[Driver]
Brand=JL Audio
Model=13W7-D1.5
Manufacturer=JL Audio
ProvidedBy=JL Audio
Comment=
DateAdded=20180505
DateModified=20180505
Qts=0.447653196546979
Znom=1.5
Fs=23.5
Pe=1500
SPL=86.5720759906331
Re=2.41
Le=0
fLe=0
KLe=0
BL=14.9565593976165
Xmax=0.032
Cms=0.000153284753259766
Qms=7.517
Qes=0.476
Rms=5.8777181928911
Mms=0.299230308005313
Sd=0.069258064516129
Vas=0.1043
Dia=0
Vd=0.00221625806451613
no=0.00276542750354026
Dd=0.29695472135286
EBP=49.3697478991597
numVC=2
Hc=0
Hg=0
SPLmax=115.33298858119
SPLmaxLF=107.476818178279
USPL=91.7876342753702
alfaVC=0
Rt=0
Ct=0
gamma=49.9834374977517
Rme=92.8210244873159
Mpow=9.63436684413231
Mcost=0
Gloss=0.0140564365318885
VCCon=2
c=343.684120962152
roo=1.20095217714682
Thick=0.038
Depth=0.2668
MagDepth=0
Magnet=0.213
Basket=0.3021
Outer=0.3558
Vcd=0
DVol=0.0059
ParState=EEECENNNCENCEECCCECENCCENNCCCNNNCCCCNCEENEEENENCC
