[Driver]
Brand=JL Audio
Model=12W6v2-D4
Manufacturer=JL Audio
ProvidedBy=JL Audio
Comment=
DateAdded=20210406
DateModified=20210406
Qts=0.449604221635884
Znom=4
Fs=25
Pe=0
SPL=86.1845222437096
Re=1.6875
Le=0
fLe=0
KLe=0
BL=10.0067715469083
Xmax=0.0165
Cms=0.000223508836121931
Qms=7.1
Qes=0.48
Rms=4.01168733313861
Mms=0.181328282855115
Sd=0.0502
Vas=0.0799
Dia=0
Vd=0.0008283
no=0.00252933820068195
Dd=0.252817375086653
EBP=52.0833333333333
numVC=2
Hc=0
Hg=0
SPLmax=0
SPLmaxLF=98.9281648245135
USPL=92.9478131391648
alfaVC=0
Rt=0
Ct=0
gamma=55.1859389464574
Rme=59.3395418026752
Mpow=7.7032163284355
Mcost=0
Gloss=0.0240877911652396
VCCon=1
c=343.684120962282
roo=1.20095217680035
Thick=0
Depth=0
MagDepth=0
Magnet=0
Basket=0
Outer=0
Vcd=0
DVol=0
ParState=EENCENNNCENCEECCCECENCCENNNCCNNNCCCCNCNNNNNNNNNCC
