[Driver]
Brand=JL Audio
Model=10TW3-D4
Manufacturer=JL Audio
ProvidedBy=JL Audio
Comment=
DateAdded=20230809
DateModified=20230809
Qts=0.62015658837248
Znom=4
Fs=32.3
Pe=0
SPL=82.1113403418334
Re=2.259
Le=0
fLe=0
KLe=0
BL=12.7100761177407
Xmax=0.0152
Cms=0.000105034917329204
Qms=11.35
Qes=0.656
Rms=4.13321550437344
Mms=0.231154057265351
Sd=0.0364722580645161
Vas=0.01982
Dia=0
Vd=0.000554378322580645
no=0.000990122005994723
Dd=0.215494596808198
EBP=49.2378048780488
numVC=2
Hc=0
Hg=0
SPLmax=0
SPLmaxLF=95.4405363985418
USPL=87.6079067431156
alfaVC=0
Rt=0
Ct=0
gamma=54.9853040353531
Rme=71.5121889857295
Mpow=8.45648798176462
Mcost=0
Gloss=0.0156643474004763
VCCon=1
c=343.684120962282
roo=1.20095217680034
Thick=0
Depth=0
MagDepth=0
Magnet=0
Basket=0
Outer=0
Vcd=0
DVol=0
ParState=CENCENNNCENCEECCCECENCCENNNCCNNNCCCCNCNNNNNNNNNCC
