[Driver]
Brand=JL Audio
Model=15W0v3-4
Manufacturer=JL Audio
ProvidedBy=JL Audio
Comment=
DateAdded=20180313
DateModified=20180313
Qts=0.48214706471649
Znom=6
Fs=24.43
Pe=500
SPL=88.2140163813697
Re=3.555
Le=0
fLe=0
KLe=0
BL=16.6889717286767
Xmax=0.0127
Cms=0.000163686702381467
Qms=9.474
Qes=0.508
Rms=4.20097294629046
Mms=0.259286514572683
Sd=0.0789141935483871
Vas=0.1446
Dia=0
Vd=0.00100221025806452
no=0.0040360479469683
Dd=0.316980554398359
EBP=48.0905511811024
numVC=1
Hc=0
Hg=0
SPLmax=112.20371642473
SPLmaxLF=100.583588472341
USPL=91.7413490411976
alfaVC=0
Rt=0
Ct=0
gamma=64.364981557876
Rme=78.3464915219602
Mpow=8.85135534943436
Mcost=0
Gloss=0.0327725537152044
VCCon=1
c=343.684120962152
roo=1.20095217714682
Thick=0
Depth=0.182
MagDepth=0
Magnet=0.16
Basket=0.349
Outer=0.394
Vcd=0
DVol=0.00309
ParState=CEECENNNCENCEECCCECENCCENNCCCNNNCCCCNCNENEEENENCC
