[Driver]
Brand=JL Audio
Model=12W6v3-D4
Manufacturer=JL Audio
ProvidedBy=JL Audio
Comment=
DateAdded=20210406
DateModified=20210406
Qts=0.462926816889972
Znom=4
Fs=26.919
Pe=0
SPL=85.4133379561545
Re=1.62325
Le=0
fLe=0
KLe=0
BL=11.0201563581919
Xmax=0.019
Cms=0.000162271461071041
Qms=9.365
Qes=0.487
Rms=3.89055250708167
Mms=0.215417148025174
Sd=0.0486
Vas=0.05437
Dia=0
Vd=0.0009234
no=0.00211781721630429
Dd=0.248755787619362
EBP=55.2751540041068
numVC=2
Hc=0
Hg=0
SPLmax=0
SPLmaxLF=99.8722090016375
USPL=92.3452125511923
alfaVC=0
Rt=0
Ct=0
gamma=51.157284641537
Rme=74.8152448230387
Mpow=8.6495806154425
Mcost=0
Gloss=0.0180422000103227
VCCon=1
c=343.684120962282
roo=1.20095217680035
Thick=0
Depth=0
MagDepth=0
Magnet=0
Basket=0
Outer=0
Vcd=0
DVol=0
ParState=EENCENNNCENCEECCCECENCCENNNCCNNNCCCCNCNNNNNNNNNCC
