[Driver]
Brand=JL Audio
Model=8W7-3
Manufacturer=JL Audio
ProvidedBy=JL Audio
Comment=
DateAdded=20180505
DateModified=20180505
Qts=0.611877092771322
Znom=3
Fs=35.2
Pe=500
SPL=82.6792614693479
Re=2.78
Le=0
fLe=0
KLe=0
BL=9.70447076913103
Xmax=0.019
Cms=0.000204080168085491
Qms=9.5
Qes=0.654
Rms=2.33213163204971
Mms=0.100173796398465
Sd=0.0245161290322581
Vas=0.0174
Dia=0
Vd=0.000465806451612903
no=0.00112844611494807
Dd=0.176677403670364
EBP=53.822629969419
numVC=1
Hc=0
Hg=0
SPLmax=106.668961512708
SPLmaxLF=93.9285215878279
USPL=87.2745422206529
alfaVC=0
Rt=0
Ct=0
gamma=96.8763401012499
Rme=33.876529823352
Mpow=5.82035478500684
Mcost=0
Gloss=0.0105516896948883
VCCon=1
c=343.684120962152
roo=1.20095217714682
Thick=0.0378
Depth=0.1735
MagDepth=0
Magnet=0.147
Basket=0.1763
Outer=0.216
Vcd=0
DVol=0.0017
ParState=EEECENNNCENCEECCCECENCCENNCCCNNNCCCCNCEENEEENENCC
