[Driver]
Brand=JL Audio
Model=12W7-3
Manufacturer=JL Audio
ProvidedBy=JL Audio
Comment=
DateAdded=20180505
DateModified=20180505
Qts=0.482249489244081
Znom=3
Fs=27.2
Pe=1000
SPL=86.1561418519125
Re=2.47
Le=0
fLe=0
KLe=0
BL=13.322645595813
Xmax=0.029
Cms=0.00015841784882858
Qms=7.807
Qes=0.514
Rms=4.73110881157835
Mms=0.216121684341491
Sd=0.0541935483870968
Vas=0.066
Dia=0
Vd=0.00157161290322581
no=0.00251286330205921
Dd=0.262681116329229
EBP=52.9182879377432
numVC=1
Hc=0
Hg=0
SPLmax=113.156141851913
SPLmaxLF=104.491323315652
USPL=91.2649010298017
alfaVC=0
Rt=0
Ct=0
gamma=61.6441873308838
Rme=71.8594678832533
Mpow=8.47699639514216
Mcost=0
Gloss=0.0115777757348995
VCCon=1
c=343.684120962152
roo=1.20095217714682
Thick=0.0447
Depth=0.2412
MagDepth=0
Magnet=0.1905
Basket=0.2669
Outer=0.3175
Vcd=0
DVol=0.004
ParState=EEECENNNCENCEECCCECENCCENNCCCNNNCCCCNCEENEEENENCC
