[Driver]
Brand=JL Audio
Model=15W6v0
Manufacturer=JL Audio
ProvidedBy=JL Audio
Comment=
DateAdded=20180313
DateModified=20180313
Qts=0.312027143208057
Znom=6
Fs=16.3
Pe=400
SPL=88.16697807092
Re=2.72
Le=0
fLe=0
KLe=0
BL=16.3936291911727
Xmax=0.0107
Cms=0.000304065995982034
Qms=7.817
Qes=0.325
Rms=4.10794442959642
Mms=0.313543064859256
Sd=0.0845161290322581
Vas=0.3081
Dia=0
Vd=0.000904322580645161
no=0.00399256950960421
Dd=0.328038530742671
EBP=50.1538461538462
numVC=2
Hc=0
Hg=0
SPLmax=111.1875779842
SPLmaxLF=99.6908791032545
USPL=92.8570177410638
alfaVC=0
Rt=0
Ct=0
gamma=52.285095824178
Rme=98.8055434035546
Mpow=9.94009775623734
Mcost=0
Gloss=0.0873779703179951
VCCon=1
c=343.684120962152
roo=1.20095217714682
Thick=0
Depth=0.18415
MagDepth=0
Magnet=0.1651
Basket=0.3524
Outer=0.38576
Vcd=0
DVol=0.003816
ParState=EEECENNNCENCEECCCECENCCENNCCCNNNCCCCNCNENEEENENCC
