[Driver]
Brand=LaVoce
Model=FSN030.72 (3 inch)
Manufacturer=LaVoce
ProvidedBy=Kyle
Comment=
DateAdded=20210419
DateModified=20210419
Qts=0.3406852248394
Znom=10
Fs=130
Pe=0
SPL=90.3105945934665
Re=6.14979074597917
Le=0.00016
fLe=0
KLe=0
BL=5.3
Xmax=0.0011
Cms=0.000724408695397241
Qms=4.3
Qes=0.37
Rms=0.393029065778898
Mms=0.00206904484591735
Sd=0.00332
Vas=0.00113267279631428
Dia=0
Vd=3.652E-6
no=0.00654054801485969
Dd=0.0650165770286374
EBP=351.351351351351
numVC=1
Hc=0.0062
Hg=0.004
SPLmax=0
SPLmaxLF=51.8150269745802
USPL=91.4577199176008
alfaVC=0
Rt=0
Ct=0
gamma=2561.56845051376
Rme=4.56763508878179
Mpow=2.13720263166172
Mcost=5.82373473819678
Gloss=0.0133623101878178
VCCon=1
c=343.684120962282
roo=1.20095217680034
Thick=0
Depth=0
MagDepth=0
Magnet=0
Basket=0
Outer=0
Vcd=0
DVol=0
ParState=CENCCENNECNCEECCCECENCCEEENCCNNNCCCCCCNNNNNNNNNCC
