[Driver]
Brand=Misco
Model=6.5 XBL2 ???
Manufacturer=Misco
ProvidedBy=Misco
Comment=
DateAdded=20201023
DateModified=20201023
Qts=0.574110744407774
Znom=8
Fs=50
Pe=0
SPL=83.9139435354346
Re=6.4
Le=0.0002
fLe=0
KLe=0
BL=8.6772368362948
Xmax=0.009
Cms=0.000445003697530269
Qms=10.3
Qes=0.608
Rms=0.694463273373726
Mms=0.0227686161271606
Sd=0.0109
Vas=0.0075
Dia=0
Vd=0.0000981
no=0.00149950884698884
Dd=0.117806243627463
EBP=82.2368421052632
numVC=1
Hc=0
Hg=0
SPLmax=0
SPLmaxLF=80.397791744934
USPL=84.8878725060816
alfaVC=0
Rt=0
Ct=0
gamma=381.105148764125
Rme=11.7647561114299
Mpow=3.42997902492565
Mcost=0
Gloss=0.0110402376174015
VCCon=1
c=343.684120962282
roo=1.20095217680035
Thick=0
Depth=0
MagDepth=0
Magnet=0
Basket=0
Outer=0
Vcd=0
DVol=0
ParState=EENCEENNCENCEECCCECENCCENNNCCNNNCCCCNCNNNNNNNNNCC
