[Driver]
Brand=OneAudio
Model=WB3.e
Manufacturer=OneAudio
ProvidedBy=OneAudio
Comment=
DateAdded=20240905
DateModified=20240905
Qts=0.307624944714728
Znom=4
Fs=147
Pe=0
SPL=88.7158035150283
Re=3.16553218840732
Le=0
fLe=0
KLe=0
BL=4.979
Xmax=0.0041
Cms=0.000416415795283385
Qms=4.19
Qes=0.332
Rms=0.620528280677195
Mms=0.002815
Sd=0.00287100511335102
Vas=0.0004869
Dia=0
Vd=0.0000117711209647392
no=0.00453038416218863
Dd=0.0604605428643788
EBP=442.771084337349
numVC=1
Hc=0
Hg=0
SPLmax=0
SPLmaxLF=61.9807680515181
USPL=92.7470648859011
alfaVC=0
Rt=0
Ct=0
gamma=1768.73889875666
Rme=7.83136595192003
Mpow=2.79845778097866
Mcost=0
Gloss=0.00280377018147963
VCCon=1
c=343.684120962282
roo=1.20095217680035
Thick=0
Depth=0
MagDepth=0
Magnet=0
Basket=0
Outer=0
Vcd=0
DVol=0
ParState=CENCCNNNEENCEECCECCENCCENNNCCNNNCCCCNCNNNNNNNNNCC
