[Driver]
Brand=Peerless
Model=TC9FD18-08
Manufacturer=Peerless
ProvidedBy=Peerless
Comment=
DateAdded=20240214
DateModified=20240214
Qts=0.894310344827586
Znom=10
Fs=124.9
Pe=0
SPL=84.62584015734
Re=6.27322299905856
Le=0.00005
fLe=0
KLe=0
BL=3.01
Xmax=0.0026
Cms=0.000663382158539347
Qms=2.73
Qes=1.33
Rms=0.703608794467736
Mms=0.00244766286760562
Sd=0.00363
Vas=0.00124
Dia=0
Vd=9.438E-6
no=0.00176660190572969
Dd=0.0679842595560814
EBP=93.9097744360902
numVC=1
Hc=0
Hg=0
SPLmax=0
SPLmaxLF=60.0620110574736
USPL=85.6866616077254
alfaVC=0
Rt=0
Ct=0
gamma=1229.74452071681
Rme=1.44424963074956
Mpow=1.20176937502566
Mcost=0
Gloss=0.00612438824352659
VCCon=1
c=343.684120962282
roo=1.20095217680035
Thick=0
Depth=0
MagDepth=0
Magnet=0
Basket=0
Outer=0
Vcd=0
DVol=0
ParState=CENCCENNEENCEECCCECENCCENNNCCNNNCCCCNCNNNNNNNNNCC
