[Driver]
Brand=Pioneer
Model=TS-D12D4
Manufacturer=Pioneer
ProvidedBy=Pioneer
Comment=
DateAdded=20230729
DateModified=20230729
Qts=0.69
Znom=2
Fs=34
Pe=0
SPL=86.0737341219879
Re=1.71420534215764
Le=0.00114
fLe=0
KLe=0
BL=9.5
Xmax=0.013
Cms=0.00011973781794479
Qms=9.75
Qes=0.742549668874172
Rms=4.00963886987399
Mms=0.183
Sd=0.0531043091066473
Vas=0.0479
Dia=0
Vd=0.000690356018386415
no=0.00246563105300653
Dd=0.260027895331295
EBP=45.7881828316611
numVC=2
Hc=0
Hg=0
SPLmax=0
SPLmaxLF=97.345873903259
USPL=92.768834390415
alfaVC=0
Rt=0
Ct=0
gamma=51.9125683060109
Rme=52.6483016826932
Mpow=7.25591494456028
Mcost=0
Gloss=0.0165295013569026
VCCon=1
c=343.684120962282
roo=1.20095217680035
Thick=0
Depth=0
MagDepth=0
Magnet=0
Basket=0
Outer=0
Vcd=0
DVol=0
ParState=CENCCENNEENCECECECCENCCENNNCCNNNCCCCNCNNNNNNNNNCC
