[Driver]
Brand=Purifi Audio
Model=PTT8.0X04-NAB-01
Manufacturer=Purifi Audio
ProvidedBy=Purifi Audio
Comment=
DateAdded=20240128
DateModified=20240128
Qts=0.354577464788732
Znom=6
Fs=26
Pe=0
SPL=87.160357628542
Re=3.56729922807735
Le=0.00018
fLe=1000
KLe=0.0142679782713816
BL=8
Xmax=0.0093
Cms=0.000897889210583903
Qms=5.3
Qes=0.38
Rms=1.28631744967359
Mms=0.0417321552559551
Sd=0.02351
Vas=0.0704
Dia=0
Vd=0.000218643
no=0.0031665798342403
Dd=0.173014050576026
EBP=68.4210526315789
numVC=1
Hc=0.0236
Hg=0.005
SPLmax=0
SPLmaxLF=87.3591231509125
USPL=90.6726909404791
alfaVC=0
Rt=0
Ct=0
gamma=191.698702138285
Rme=17.9407433770263
Mpow=4.23565147020223
Mcost=51.3105260582954
Gloss=0.0395122075446225
VCCon=1
c=343.684120962282
roo=1.20095217680035
Thick=0
Depth=0
MagDepth=0
Magnet=0
Basket=0
Outer=0
Vcd=0
DVol=0
ParState=CENCCEECECECEECCCECENCCEEENCCNNNCCCCCCNNNNNNNNNCC
