[Driver]
Brand=Purifi Audio
Model=PTT10.0X04-NAB-01
Manufacturer=Purifi Audio
ProvidedBy=Purifi Audio
Comment=
DateAdded=20250217
DateModified=20250217
Qts=0.329059829059829
Znom=6
Fs=24
Pe=0
SPL=87.137061895847
Re=3.85694367427926
Le=0.00062
fLe=1000
KLe=0.0491452584903145
BL=12.8
Xmax=0.01475
Cms=0.000446030136100087
Qms=5.5
Qes=0.35
Rms=2.70322376956416
Mms=0.0985947016105431
Sd=0.036
Vas=0.082
Dia=0
Vd=0.000531
no=0.00314963964573066
Dd=0.214094893938333
EBP=68.5714285714286
numVC=1
Hc=0.0345
Hg=0.005
SPLmax=0
SPLmaxLF=95.0663020189644
USPL=90.310357640354
alfaVC=0
Rt=0
Ct=0
gamma=129.824420490272
Rme=42.4792306645796
Mpow=6.51760927523119
Mcost=167.79296112509
Gloss=0.0292379174189657
VCCon=1
c=343.684120962282
roo=1.20095217680035
Thick=0
Depth=0
MagDepth=0
Magnet=0
Basket=0
Outer=0
Vcd=0
DVol=0
ParState=CENCCEECECNCEECCCECENCCEEENCCNNNCCCCCCNNNNNNNNNCC
