[Driver]
Brand=Purifi Audio
Model=PTT6.5W04-01A
Manufacturer=Purifi Audio
ProvidedBy=Erin's Audio Corner
Comment=
DateAdded=20200907
DateModified=20200907
Qts=0.296098905553304
Znom=6
Fs=30.3
Pe=0
SPL=85.7706023935374
Re=3.69
Le=0
fLe=0
KLe=0
BL=7.72385039706587
Xmax=0
Cms=0.00105142350872512
Qms=7.092
Qes=0.309
Rms=0.704419051180332
Mms=0.0262408152221942
Sd=0.01327
Vas=0.0262642
Dia=0
Vd=0
no=0.00229940207119815
Dd=0.129984186571427
EBP=98.0582524271845
numVC=1
Hc=0
Hg=0
SPLmax=0
SPLmaxLF=0
USPL=89.1360674424326
alfaVC=0
Rt=0
Ct=0
gamma=294.344910082409
Rme=16.1674430775758
Mpow=4.0208759092486
Mcost=0
Gloss=0
VCCon=1
c=343.684120962282
roo=1.20095217680035
Thick=0
Depth=0
MagDepth=0
Magnet=0
Basket=0
Outer=0
Vcd=0
DVol=0
ParState=CENCENNNCNNCEECCCENENCCENNNNCNNNCCCCNNNNNNNNNNNCC
