[Driver]
Brand=SB Acoustics
Model=SW26DBAC76-4
Manufacturer=SB Acoustics
ProvidedBy=SB Acoustics
Comment=
DateAdded=20240202
DateModified=20240202
Qts=0.458083832335329
Znom=4
Fs=22
Pe=0
SPL=82.5541828260809
Re=3.21558622883063
Le=0
fLe=0
KLe=0
BL=10.8
Xmax=0.012
Cms=0.000391056873547125
Qms=4.5
Qes=0.51
Rms=4.11097668023266
Mms=0.133830462189792
Sd=0.0312
Vas=0.054
Dia=0
Vd=0.0003744
no=0.00109640993316866
Dd=0.199311499406675
EBP=43.1372549019608
numVC=1
Hc=0.03
Hg=0.006
SPLmax=0
SPLmaxLF=92.0311283986564
USPL=86.5173099358543
alfaVC=0
Rt=0
Ct=0
gamma=80.6991160553863
Rme=36.2733236491117
Mpow=6.02273390156926
Mcost=108.819970947335
Gloss=0.0427695155632805
VCCon=1
c=343.684120962282
roo=1.20095217680035
Thick=0
Depth=0
MagDepth=0
Magnet=0
Basket=0
Outer=0
Vcd=0
DVol=0
ParState=CENCCNNNECNCEECCCECENCCEEENCCNNNCCCCCCNNNNNNNNNCC
