[Driver]
Brand=ScanSpeak
Model=Discovery D7608 9200-10 3inch Dome
Manufacturer=ScanSpeak
ProvidedBy=ScanSpeak
Comment=
DateAdded=20210419
DateModified=20210419
Qts=1.72567703109328
Znom=8
Fs=300
Pe=0
SPL=88.4463994689207
Re=5.8
Le=0.00013
fLe=0
KLe=0
BL=4.03129928051868
Xmax=0.00045
Cms=0.0000852871916181294
Qms=7.75
Qes=2.22
Rms=0.802626252142941
Mms=0.0033
Sd=0.00545490283823685
Vas=0.00036
Dia=0
Vd=2.45470627720658E-6
no=0.00425789184556432
Dd=0.083339054508263
EBP=135.135135135135
numVC=1
Hc=0.0029
Hg=0.002
SPLmax=0
SPLmaxLF=48.3644022611791
USPL=89.8478482437772
alfaVC=0
Rt=0
Ct=0
gamma=1221.60584258142
Rme=2.80196101536387
Mpow=1.67390591592355
Mcost=3.43240224382074
Gloss=0.00613346534300081
VCCon=1
c=343.684120962282
roo=1.20095217680034
Thick=0
Depth=0
MagDepth=0
Magnet=0
Basket=0
Outer=0
Vcd=0
DVol=0
ParState=EENCEENNCCNCEECCECCENCCEEENCCNNNCCCCCCNNNNNNNNNCC
