[Driver]
Brand=ScanSpeak
Model=Discovery 10F/4424G
Manufacturer=ScanSpeak
ProvidedBy=ScanSpeak
Comment=
DateAdded=20201007
DateModified=20201007
Qts=0.290909090909091
Znom=4
Fs=90
Pe=0
SPL=88.6193420207849
Re=3.2
Le=0.0001
fLe=0
KLe=0
BL=3.97914902637393
Xmax=0.0026
Cms=0.0011168560807136
Qms=3.2
Qes=0.32
Rms=0.494800842940392
Mms=0.0028
Sd=0.00355299067216602
Vas=0.002
Dia=0
Vd=9.23777574763166E-6
no=0.00443086870179037
Dd=0.0672592612647281
EBP=281.25
numVC=1
Hc=0.0092
Hg=0.004
SPLmax=0
SPLmaxLF=59.8757599030921
USPL=92.6035709480716
alfaVC=0
Rt=0
Ct=0
gamma=1421.1246522764
Rme=4.94800842940392
Mpow=2.22441192889355
Mcost=8.16421390851647
Gloss=0.0117951256596169
VCCon=1
c=343.684120962282
roo=1.20095217680035
Thick=0
Depth=0
MagDepth=0
Magnet=0
Basket=0
Outer=0
Vcd=0
DVol=0
ParState=CENCEENNCCNCEECCECCENCCEEENCCNNNCCCCCCNNNNNNNNNCC
