[Driver]
Brand=SEAS
Model=Extreme L22ROY2-08 (VC TB)
Manufacturer=SEAS
ProvidedBy=AudioXpress
Comment=
DateAdded=20240202
DateModified=20240202
Qts=0.58
Znom=10
Fs=34.4
Pe=0
SPL=82.8095492233114
Re=6.14
Le=0
fLe=0
KLe=0
BL=13.2778187557207
Xmax=0.0116
Cms=0.000254458276839948
Qms=6.9
Qes=0.633227848101266
Rms=2.63509341956833
Mms=0.0841214589624783
Sd=0.0227
Vas=0.0186
Dia=0
Vd=0.00026332
no=0.00116281225767187
Dd=0.170007463558187
EBP=54.3248375812094
numVC=1
Hc=0
Hg=0
SPLmax=0
SPLmaxLF=88.9740885257358
USPL=83.9635942223855
alfaVC=0
Rt=0
Ct=0
gamma=157.841042220192
Rme=28.7134317442618
Mpow=5.35849155493053
Mcost=0
Gloss=0.0180961448749916
VCCon=1
c=343.684120962282
roo=1.20095217680035
Thick=0
Depth=0
MagDepth=0
Magnet=0
Basket=0
Outer=0
Vcd=0
DVol=0
ParState=CENCENNNCENCECECCECENCCENNNCCNNNCCCCNCNNNNNNNNNCC
