[Driver]
Brand=Seas
Model=Extreme L26ROY X1001-04
Manufacturer=Seas
ProvidedBy=Seas
Comment=
DateAdded=20250210
DateModified=20250210
Qts=0.416528925619835
Znom=4
Fs=25
Pe=0
SPL=84.9212219566341
Re=3.3
Le=0.00073
fLe=0
KLe=0
BL=11.6587410188801
Xmax=0.014
Cms=0.000343461639465552
Qms=5.6
Qes=0.45
Rms=3.3098922600321
Mms=0.118
Sd=0.0339025660076555
Vas=0.056
Dia=0
Vd=0.000474635924107177
no=0.00189093619341763
Dd=0.207764500598493
EBP=55.5555555555556
numVC=1
Hc=0.038
Hg=0.01
SPLmax=0
SPLmaxLF=94.0916237149561
USPL=88.771811268341
alfaVC=0
Rt=0
Ct=0
gamma=98.8028899905097
Rme=41.1897703470662
Mpow=6.41792570438971
Mcost=98.8554488329588
Gloss=0.0283891824447466
VCCon=1
c=343.684120962282
roo=1.20095217680035
Thick=0
Depth=0
MagDepth=0
Magnet=0
Basket=0
Outer=0
Vcd=0
DVol=0
ParState=CENCEENNCCNCEECCECCENCCEEENCCNNNCCCCCCNNNNNNNNNCC
