[Driver]
Brand=SEAS
Model=Extreme L22ROY2-08
Manufacturer=SEAS
ProvidedBy=SEAS
Comment=
DateAdded=20240130
DateModified=20240130
Qts=0.44
Znom=10
Fs=27.44
Pe=0
SPL=82.6423465044513
Re=6.24595238455704
Le=0.0004
fLe=0
KLe=0
BL=13.6
Xmax=0.0115
Cms=0.000397492046195613
Qms=4.11
Qes=0.49275204359673
Rms=3.55030578311193
Mms=0.084633754304509
Sd=0.02206
Vas=0.02744
Dia=0
Vd=0.00025369
no=0.00111889499017387
Dd=0.167593747964707
EBP=55.6872373368724
numVC=1
Hc=0.031
Hg=0.008
SPLmax=0
SPLmaxLF=88.6504785664907
USPL=83.7220885239091
alfaVC=0
Rt=0
Ct=0
gamma=160.692387000436
Rme=29.6127777818654
Mpow=5.44176237829854
Mcost=72.181145843297
Gloss=0.0286876441039814
VCCon=1
c=343.684120962282
roo=1.20095217680035
Thick=0
Depth=0
MagDepth=0
Magnet=0
Basket=0
Outer=0
Vcd=0
DVol=0
ParState=CENCCENNECECECECCECENCCEEENCCNNNCCCCCCNNNNNNNNNCC
