[Driver]
Brand=Stereo Integrity
Model=SQL-15 (D2)
Manufacturer=Stereo Integrity
ProvidedBy=Stereo Integrity
Comment=
DateAdded=20200910
DateModified=20200910
Qts=0.417754777070064
Znom=4
Fs=23.8
Pe=0
SPL=87.4054285416424
Re=3.25
Le=0
fLe=0
KLe=0
BL=20.417
Xmax=0.028
Cms=0.000115859103647979
Qms=5.83
Qes=0.45
Rms=9.90021111228394
Mms=0.385972341844132
Sd=0.083649146501874
Vas=0.115
Dia=0
Vd=0.00234217610205247
no=0.00335040673506557
Dd=0.326351652683928
EBP=52.8888888888889
numVC=2
Hc=0
Hg=0
SPLmax=0
SPLmaxLF=107.95680250578
USPL=91.3223236423395
alfaVC=0
Rt=0
Ct=0
gamma=52.8975726666058
Rme=128.262735076923
Mpow=11.3253139063305
Mcost=0
Gloss=0.0156620639679107
VCCon=2
c=343.684120962282
roo=1.20095217680034
Thick=0
Depth=0
MagDepth=0
Magnet=0
Basket=0
Outer=0
Vcd=0
DVol=0
ParState=CENCENNNEENCEECCCCCENCCENNNCCNNNCCCCNCNNNNNNNNNCC
