[Driver]
Brand=Tang Band
Model=W6-2253S
Manufacturer=Tang Band
ProvidedBy=Tang Band
Comment=
DateAdded=20230415
DateModified=20230415
Qts=0.505759162303665
Znom=6
Fs=41.4595798450349
Pe=0
SPL=80.8013935372152
Re=3.58358073021713
Le=0.00019
fLe=0
KLe=0
BL=7.88
Xmax=0.005
Cms=0.00036924
Qms=3.22
Qes=0.6
Rms=3.22872176301345
Mms=0.03991
Sd=0.0110019060957843
Vas=0.00634
Dia=0
Vd=0.0000550095304789213
no=0.000732308428348428
Dd=0.118355658540753
EBP=69.0992997417249
numVC=1
Hc=0.015
Hg=0.005
SPLmax=0
SPLmaxLF=75.3731703602518
USPL=84.2939503215182
alfaVC=0
Rt=0
Ct=0
gamma=197.444249561513
Rme=17.3274734615055
Mpow=4.16262819160029
Mcost=34.6549469230111
Gloss=0.028902881433972
VCCon=1
c=343.684120962282
roo=1.20095217680035
Thick=0
Depth=0
MagDepth=0
Magnet=0
Basket=0
Outer=0
Vcd=0
DVol=0
ParState=CCNCCENNEENEEECCECCENCCECENCCNNNCCCCCCNNNNNNNNNCC
